# site H_mean H_mean_from_array H_std_from_array H_total n_non_neutral rho_mean e_val f_q
0 0.485755 0.485755 0.169443 134861.523809 277633.000000 0.907456 0.209176 1000000.000000
1 0.413291 0.413291 0.194035 237617.047618 574939.000000 0.808354 0.232856 1000000.000000
2 0.206021 0.206021 0.169060 338827.047620 1644623.000000 0.451792 0.260977 1000000.000000
3 0.359014 0.359014 0.161847 980998.333334 2732480.000000 0.089173 0.458806 1000000.000000
4 0.350080 0.350080 0.174593 917430.809525 2620635.000000 0.126455 0.392205 1000000.000000
5 0.167138 0.167138 0.145397 320244.666667 1916053.000000 0.361316 0.269857 1000000.000000
6 0.380746 0.380746 0.164680 1007331.523811 2645680.000000 0.118107 0.472620 1000000.000000
7 0.418908 0.418908 0.149454 1105891.666665 2639937.000000 0.120021 0.463000 1000000.000000
8 0.317608 0.317608 0.188401 871001.666666 2742379.000000 0.085874 0.399112 1000000.000000
9 0.454185 0.454185 0.160601 299576.238095 659591.000000 0.780136 0.270104 1000000.000000
10 0.564513 0.564513 0.091398 218420.857142 386919.000000 0.871027 0.182289 1000000.000000
11 0.565361 0.565361 0.087832 227421.666666 402259.000000 0.865914 0.210163 1000000.000000
12 0.476412 0.476412 0.151633 278241.142856 584035.000000 0.805322 0.279477 1000000.000000
13 0.284938 0.284938 0.196921 779617.047620 2736090.000000 0.087970 0.461766 1000000.000000
14 0.429472 0.429472 0.139471 1139551.857142 2653381.000000 0.115540 0.421312 1000000.000000
15 0.397919 0.397919 0.148065 1059926.333334 2663676.000000 0.112108 0.444006 1000000.000000
16 0.169898 0.169898 0.149606 322350.571429 1897316.000000 0.367561 0.265417 1000000.000000
17 0.361652 0.361652 0.165673 972074.190477 2687873.000000 0.104042 0.402812 1000000.000000
18 0.344589 0.344589 0.173067 924319.333335 2682385.000000 0.105872 0.414899 1000000.000000
19 0.182177 0.182177 0.137940 290408.285713 1594103.000000 0.468632 0.235816 1000000.000000
20 0.308454 0.308454 0.175047 71021.571429 230250.000000 0.923250 0.097681 1000000.000000

# Correlation H vs rho: r=0.3977228275851864, p=0.07418217227835018


# Test Output
This is job 28
28

Total neutral sequences found: 1000000
MFE Structure: ...((.(((....))).))..
Time taken: 5266.426892757416 seconds
