# site H_mean H_mean_from_array H_std_from_array H_total n_non_neutral rho_mean e_val f_q
0 0.346606 0.346606 0.190004 939590.904762 2710830.000000 0.096390 0.379122 1000000.000000
1 0.427824 0.427824 0.121964 1184537.428571 2768751.000000 0.077083 0.429992 1000000.000000
2 0.379274 0.379274 0.159532 1088043.476189 2868755.000000 0.043748 0.455510 1000000.000000
3 0.194702 0.194702 0.154374 379627.190478 1949787.000000 0.350071 0.305882 1000000.000000
4 0.187392 0.187392 0.154548 343979.904763 1835617.000000 0.388128 0.304722 1000000.000000
5 0.359011 0.359011 0.159921 958635.714286 2670214.000000 0.109929 0.415079 1000000.000000
6 0.349226 0.349226 0.167932 921843.476191 2639675.000000 0.120108 0.572162 1000000.000000
7 0.457974 0.457974 0.129176 262722.952380 573664.000000 0.808779 0.308202 1000000.000000
8 0.551099 0.551099 0.103127 174723.666666 317046.000000 0.894318 0.276222 1000000.000000
9 0.553585 0.553585 0.101728 174987.142857 316098.000000 0.894634 0.230986 1000000.000000
10 0.476244 0.476244 0.131968 253437.714285 532159.000000 0.822614 0.286495 1000000.000000
11 0.354063 0.354063 0.158714 963435.476191 2721088.000000 0.092971 0.406794 1000000.000000
12 0.354233 0.354233 0.164564 935158.809525 2639957.000000 0.120014 0.499751 1000000.000000
13 0.178594 0.178594 0.147345 312484.666667 1749695.000000 0.416768 0.294946 1000000.000000
14 0.182866 0.182866 0.143376 348416.904763 1905310.000000 0.364897 0.306545 1000000.000000
15 0.368568 0.368568 0.169202 1057624.666665 2869550.000000 0.043483 0.548136 1000000.000000
16 0.426716 0.426716 0.131572 1177756.428570 2760049.000000 0.079984 0.542502 1000000.000000
17 0.346029 0.346029 0.194025 920652.095239 2660618.000000 0.113127 0.460481 1000000.000000
18 0.397602 0.397602 0.181750 298895.857142 751746.000000 0.749418 0.328583 1000000.000000
19 0.526615 0.526615 0.153893 144163.904762 273756.000000 0.908748 0.253687 1000000.000000
20 0.586847 0.586847 0.124365 53077.952381 90446.000000 0.969851 0.196520 1000000.000000

# Correlation H vs rho: r=0.5532130404376774, p=0.009286198430381355


# Test Output
This is job 35
35

Total neutral sequences found: 1000000
MFE Structure: (((..((....))..)))...
Time taken: 5815.62814617157 seconds
