# site H_mean H_mean_from_array H_std_from_array H_total n_non_neutral rho_mean e_val f_q
0 0.188219 0.188219 0.177671 564657.999996 3000000.000000 0.000000 0.272129 1000000.000000
1 0.333541 0.333541 0.190855 796707.600001 2388634.000000 0.203789 0.360646 1000000.000000
2 0.352269 0.352269 0.209857 844116.600000 2396230.000000 0.201257 0.426435 1000000.000000
3 0.398618 0.398618 0.195120 996607.800000 2500160.000000 0.166613 0.546053 1000000.000000
4 0.369079 0.369079 0.203984 920635.599999 2494414.000000 0.168529 0.433612 1000000.000000
5 0.233533 0.233533 0.186119 557542.300001 2387421.000000 0.204193 0.355861 1000000.000000
6 0.157794 0.157794 0.100358 246514.100002 1562249.000000 0.479250 0.187799 1000000.000000
7 0.259251 0.259251 0.167550 102268.600000 394477.000000 0.868508 0.147727 1000000.000000
8 0.342750 0.342750 0.191911 79512.800000 231985.000000 0.922672 0.150718 1000000.000000
9 0.529057 0.529057 0.101489 51277.300000 96922.000000 0.967693 0.171053 1000000.000000
10 0.520821 0.520821 0.111831 44583.300000 85602.000000 0.971466 0.164474 1000000.000000
11 0.333927 0.333927 0.186231 57224.800000 171369.000000 0.942877 0.145335 1000000.000000
12 0.232162 0.232162 0.150465 84310.900000 363156.000000 0.878948 0.135167 1000000.000000
13 0.149593 0.149593 0.086298 229013.800002 1530913.000000 0.489696 0.180622 1000000.000000
14 0.248012 0.248012 0.193672 596777.700001 2406248.000000 0.197917 0.349880 1000000.000000
15 0.386538 0.386538 0.198811 964124.200000 2494257.000000 0.168581 0.415072 1000000.000000
16 0.363989 0.363989 0.194727 908572.599999 2496155.000000 0.167948 0.529306 1000000.000000
17 0.409325 0.409325 0.206146 982086.799997 2399286.000000 0.200238 0.400718 1000000.000000
18 0.375582 0.375582 0.179360 899552.600001 2395089.000000 0.201637 0.359450 1000000.000000
19 0.188342 0.188342 0.177151 565027.199996 3000000.000000 0.000000 0.303828 1000000.000000

# Correlation H vs rho: r=0.2668977061158319, p=0.2553149950235869


# Test Output
This is job 18
18

Total neutral sequences found: 1000000
MFE Structure: ((((((........))))))
Time taken: 4583.2989592552185 seconds
