# site H_mean H_mean_from_array H_std_from_array H_total n_non_neutral rho_mean e_val f_q
0 0.572463 0.572463 0.176899 121255.000000 211813.000000 0.929396 0.235204 1000000.000000
1 0.598055 0.598055 0.152393 213895.681818 357652.000000 0.880783 0.320540 1000000.000000
2 0.622847 0.622847 0.115035 272636.136363 437726.000000 0.854091 0.346183 1000000.000000
3 0.626291 0.626291 0.115476 292515.363636 467060.000000 0.844313 0.347542 1000000.000000
4 0.618680 0.618680 0.130856 278626.772727 450357.000000 0.849881 0.348391 1000000.000000
5 0.574954 0.574954 0.164717 255532.000000 444439.000000 0.851854 0.343296 1000000.000000
6 0.460604 0.460604 0.206031 233222.136364 506340.000000 0.831220 0.334041 1000000.000000
7 0.168670 0.168670 0.160415 279012.863638 1654198.000000 0.448601 0.333192 1000000.000000
8 0.302993 0.302993 0.207684 829352.545451 2737199.000000 0.087600 0.557782 1000000.000000
9 0.392809 0.392809 0.177165 1089906.909093 2774651.000000 0.075116 0.622315 1000000.000000
10 0.383854 0.383854 0.183315 1067369.545457 2780663.000000 0.073112 0.620701 1000000.000000
11 0.316910 0.316910 0.211756 873114.272726 2755084.000000 0.081639 0.552433 1000000.000000
12 0.198527 0.198527 0.211455 335935.181817 1692135.000000 0.435955 0.345929 1000000.000000
13 0.542700 0.542700 0.252560 243689.000000 449031.000000 0.850323 0.302963 1000000.000000
14 0.646370 0.646370 0.132928 232560.000000 359794.000000 0.880069 0.351023 1000000.000000
15 0.541493 0.541493 0.209406 224024.818182 413717.000000 0.862094 0.351193 1000000.000000
16 0.190813 0.190813 0.191961 316976.409090 1661190.000000 0.446270 0.370977 1000000.000000
17 0.305485 0.305485 0.213774 842873.772724 2759132.000000 0.080289 0.615946 1000000.000000
18 0.379962 0.379962 0.184725 1052657.545456 2770426.000000 0.076525 0.700348 1000000.000000
19 0.378391 0.378391 0.181456 1047827.181819 2769168.000000 0.076944 0.698480 1000000.000000
20 0.279832 0.279832 0.205153 741401.636360 2649450.000000 0.116850 0.582831 1000000.000000
21 0.121472 0.121472 0.101026 173452.045457 1427913.000000 0.524029 0.252271 1000000.000000

# Correlation H vs rho: r=0.6825133440474702, p=0.0004659084739424231


# Test Output
This is job 9
9

Total neutral sequences found: 1000000
MFE Structure: ........((((.....)))).
Time taken: 8408.772165060043 seconds
