# site H_mean H_mean_from_array H_std_from_array H_total n_non_neutral rho_mean e_val f_q
0 0.524270 0.524270 0.136701 138348.478261 263888.000000 0.912037 0.230102 1000000.000000
1 0.469951 0.469951 0.164513 242015.130435 514980.000000 0.828340 0.269701 1000000.000000
2 0.414287 0.414287 0.186028 320667.043478 774022.000000 0.741993 0.259762 1000000.000000
3 0.200745 0.200745 0.173467 363527.478258 1810892.000000 0.396369 0.257238 1000000.000000
4 0.284680 0.284680 0.186778 813675.347827 2858211.000000 0.047263 0.414136 1000000.000000
5 0.312320 0.312320 0.158582 850672.173915 2723717.000000 0.092094 0.440325 1000000.000000
6 0.160843 0.160843 0.149699 313760.260867 1950725.000000 0.349758 0.281060 1000000.000000
7 0.365893 0.365893 0.162549 955343.260869 2610993.000000 0.129669 0.484499 1000000.000000
8 0.409592 0.409592 0.144595 1113539.521739 2718656.000000 0.093781 0.464227 1000000.000000
9 0.361402 0.361402 0.179320 925157.869565 2559915.000000 0.146695 0.423602 1000000.000000
10 0.186720 0.186720 0.183022 288680.478258 1546057.000000 0.484648 0.253136 1000000.000000
11 0.535881 0.535881 0.130080 213640.695652 398672.000000 0.867109 0.176461 1000000.000000
12 0.559139 0.559139 0.104253 244530.913043 437335.000000 0.854222 0.224974 1000000.000000
13 0.533371 0.533371 0.103489 272078.347826 510111.000000 0.829963 0.241776 1000000.000000
14 0.214315 0.214315 0.198746 344747.739127 1608603.000000 0.463799 0.276564 1000000.000000
15 0.374217 0.374217 0.168559 987724.826085 2639445.000000 0.120185 0.483395 1000000.000000
16 0.415035 0.415035 0.130898 1135766.652174 2736559.000000 0.087814 0.467619 1000000.000000
17 0.353876 0.353876 0.171245 901314.739131 2546982.000000 0.151006 0.482449 1000000.000000
18 0.159063 0.159063 0.147496 315681.782606 1984633.000000 0.338456 0.281218 1000000.000000
19 0.313793 0.313793 0.162641 849772.173914 2708070.000000 0.097310 0.418790 1000000.000000
20 0.288289 0.288289 0.166000 823176.130436 2855387.000000 0.048204 0.383056 1000000.000000
21 0.167323 0.167323 0.129657 285568.608694 1706690.000000 0.431103 0.228366 1000000.000000
22 0.286595 0.286595 0.171394 79635.130435 277866.000000 0.907378 0.089848 1000000.000000

# Correlation H vs rho: r=0.43731248845180476, p=0.03691324495806653


# Test Output
This is job 57
57

Total neutral sequences found: 1000000
MFE Structure: ....((.(((.....))).))..
Time taken: 9028.692456483841 seconds
