# site H_mean H_mean_from_array H_std_from_array H_total n_non_neutral rho_mean e_val f_q
0 0.241300 0.241300 0.139888 143122.703703 593133.000000 0.802289 0.094035 1000000.000000
1 0.246914 0.246914 0.141130 241744.296295 979061.000000 0.673646 0.150461 1000000.000000
2 0.166542 0.166542 0.125131 306714.333333 1841666.000000 0.386111 0.171416 1000000.000000
3 0.281274 0.281274 0.173846 770969.518521 2740989.000000 0.086337 0.374348 1000000.000000
4 0.345034 0.345034 0.143016 970546.962962 2812902.000000 0.062366 0.442311 1000000.000000
5 0.340430 0.340430 0.145108 953832.740740 2801844.000000 0.066052 0.434539 1000000.000000
6 0.301732 0.301732 0.163419 848124.814816 2810857.000000 0.063048 0.395807 1000000.000000
7 0.171378 0.171378 0.143261 332476.259259 1940018.000000 0.353327 0.204002 1000000.000000
8 0.320479 0.320479 0.192040 253730.222221 791722.000000 0.736093 0.213441 1000000.000000
9 0.408224 0.408224 0.194088 238599.814814 584483.000000 0.805172 0.225807 1000000.000000
10 0.503616 0.503616 0.137542 230059.555555 456815.000000 0.847728 0.213599 1000000.000000
11 0.503079 0.503079 0.142701 229025.666666 455248.000000 0.848251 0.182774 1000000.000000
12 0.415692 0.415692 0.196497 225461.925925 542378.000000 0.819207 0.136889 1000000.000000
13 0.301646 0.301646 0.200614 227651.296295 754696.000000 0.748435 0.104177 1000000.000000
14 0.156203 0.156203 0.129204 297804.814814 1906527.000000 0.364491 0.137393 1000000.000000
15 0.292224 0.292224 0.165671 822862.629632 2815863.000000 0.061379 0.410616 1000000.000000
16 0.334901 0.334901 0.149323 935676.851852 2793891.000000 0.068703 0.478715 1000000.000000
17 0.335913 0.335913 0.150122 943085.185185 2807532.000000 0.064156 0.489570 1000000.000000
18 0.273079 0.273079 0.175832 735956.703706 2695032.000000 0.101656 0.398408 1000000.000000
19 0.174078 0.174078 0.140351 316859.259259 1820216.000000 0.393261 0.202838 1000000.000000
20 0.306765 0.306765 0.187612 281933.592592 919054.000000 0.693649 0.205659 1000000.000000
21 0.352245 0.352245 0.194770 295281.666666 838284.000000 0.720572 0.217133 1000000.000000
22 0.431334 0.431334 0.179157 283969.370370 658352.000000 0.780549 0.230705 1000000.000000
23 0.471736 0.471736 0.161848 267985.444444 568084.000000 0.810639 0.239074 1000000.000000
24 0.501637 0.501637 0.148641 230149.740740 458797.000000 0.847068 0.235686 1000000.000000
25 0.520342 0.520342 0.142988 159992.555555 307476.000000 0.897508 0.192413 1000000.000000
26 0.526561 0.526561 0.145379 62241.111111 118203.000000 0.960599 0.109914 1000000.000000

# Correlation H vs rho: r=0.5540021997128455, p=0.002715591229962081


# Test Output
This is job 23
23

Total neutral sequences found: 1000000
MFE Structure: ...((((........))))........
Time taken: 33764.8514277935 seconds
