# site H_mean H_mean_from_array H_std_from_array H_total n_non_neutral rho_mean e_val f_q
0 0.250369 0.250369 0.140632 165446.142856 660809.000000 0.779730 0.238310 1000000.000000
1 0.171991 0.171991 0.107135 317440.952380 1845679.000000 0.384774 0.374229 1000000.000000
2 0.301269 0.301269 0.135842 893984.285717 2967397.000000 0.010868 0.578560 1000000.000000
3 0.319578 0.319578 0.120176 935638.714289 2927736.000000 0.024088 0.617802 1000000.000000
4 0.304548 0.304548 0.130039 897138.761907 2945808.000000 0.018064 0.591340 1000000.000000
5 0.193302 0.193302 0.137982 389907.952382 2017092.000000 0.327636 0.441588 1000000.000000
6 0.344706 0.344706 0.192536 273910.904761 794622.000000 0.735126 0.405503 1000000.000000
7 0.468694 0.468694 0.176978 229402.999999 489452.000000 0.836849 0.422493 1000000.000000
8 0.527321 0.527321 0.143273 211569.047618 401215.000000 0.866262 0.371523 1000000.000000
9 0.478196 0.478196 0.170356 197662.428571 413350.000000 0.862217 0.250940 1000000.000000
10 0.313944 0.313944 0.193924 198715.380952 632965.000000 0.789012 0.156367 1000000.000000
11 0.169230 0.169230 0.110500 332558.285714 1965121.000000 0.344960 0.348669 1000000.000000
12 0.294453 0.294453 0.133753 869829.571429 2954049.000000 0.015317 0.657645 1000000.000000
13 0.316746 0.316746 0.124166 927717.904764 2928903.000000 0.023699 0.706059 1000000.000000
14 0.298902 0.298902 0.142541 882274.047620 2951714.000000 0.016095 0.668922 1000000.000000
15 0.193073 0.193073 0.139900 358495.142858 1856781.000000 0.381073 0.436325 1000000.000000
16 0.377513 0.377513 0.190219 304884.380952 807612.000000 0.730796 0.419486 1000000.000000
17 0.453367 0.453367 0.171976 316371.428571 697826.000000 0.767391 0.434972 1000000.000000
18 0.510730 0.510730 0.139684 276048.476190 540498.000000 0.819834 0.454217 1000000.000000
19 0.536967 0.536967 0.127185 194914.619047 362992.000000 0.879003 0.419035 1000000.000000
20 0.556318 0.556318 0.124558 72088.809524 129582.000000 0.956806 0.302210 1000000.000000

# Correlation H vs rho: r=0.6406774233067577, p=0.0017536701451537405


# Test Output
This is job 60
60

Total neutral sequences found: 1000000
MFE Structure: ..(((.......)))......
Time taken: 5693.455746650696 seconds
