# site H_mean H_mean_from_array H_std_from_array H_total n_non_neutral rho_mean e_val f_q
0 0.304402 0.304402 0.134385 131059.619047 430548.000000 0.856484 0.097523 1000000.000000
1 0.287502 0.287502 0.129061 244776.904760 851391.000000 0.716203 0.146171 1000000.000000
2 0.289784 0.289784 0.144539 275278.952379 949944.000000 0.683352 0.200901 1000000.000000
3 0.194149 0.194149 0.138055 349786.380953 1801637.000000 0.399454 0.275676 1000000.000000
4 0.312928 0.312928 0.157431 889017.714285 2840965.000000 0.053012 0.425676 1000000.000000
5 0.403588 0.403588 0.101914 1106460.428569 2741560.000000 0.086147 0.413063 1000000.000000
6 0.410908 0.410908 0.088992 1178630.333333 2868357.000000 0.043881 0.437838 1000000.000000
7 0.270020 0.270020 0.184153 810059.238095 3000000.000000 0.000000 0.527027 1000000.000000
8 0.549571 0.549571 0.107844 174213.380952 316999.000000 0.894334 0.228378 1000000.000000
9 0.574785 0.574785 0.093668 180285.904762 313658.000000 0.895447 0.214414 1000000.000000
10 0.557452 0.557452 0.111886 147633.380952 264836.000000 0.911721 0.134685 1000000.000000
11 0.240272 0.240272 0.180078 720815.952380 3000000.000000 0.000000 0.384009 1000000.000000
12 0.403786 0.403786 0.103750 1155210.952381 2860949.000000 0.046350 0.411937 1000000.000000
13 0.390781 0.390781 0.120411 1068313.333332 2733792.000000 0.088736 0.418468 1000000.000000
14 0.320724 0.320724 0.151572 910118.714284 2837705.000000 0.054098 0.522973 1000000.000000
15 0.198380 0.198380 0.137738 349026.000001 1759381.000000 0.413540 0.289640 1000000.000000
16 0.319888 0.319888 0.165893 298732.666666 933865.000000 0.688712 0.268468 1000000.000000
17 0.344070 0.344070 0.168646 327220.952380 951031.000000 0.682990 0.252252 1000000.000000
18 0.396632 0.396632 0.171549 276486.285713 697085.000000 0.767638 0.252928 1000000.000000
19 0.442191 0.442191 0.166506 190569.666666 430967.000000 0.856344 0.256532 1000000.000000
20 0.483968 0.483968 0.158330 71278.333333 147279.000000 0.950907 0.209910 1000000.000000

# Correlation H vs rho: r=0.45615665991678206, p=0.03767210490326036


# Test Output
This is job 96
96

Total neutral sequences found: 1000000
MFE Structure: ....((((...))))......
Time taken: 5056.240004301071 seconds
