# site H_mean H_mean_from_array H_std_from_array H_total n_non_neutral rho_mean e_val f_q
0 0.294147 0.294147 0.120089 876470.714288 2979706.000000 0.006765 0.661724 1000000.000000
1 0.329925 0.329925 0.100959 981003.428574 2973414.000000 0.008862 0.646591 1000000.000000
2 0.312655 0.312655 0.118009 917744.000003 2935324.000000 0.021559 0.652094 1000000.000000
3 0.207763 0.207763 0.121317 483836.238097 2328794.000000 0.223735 0.475848 1000000.000000
4 0.288647 0.288647 0.136382 388806.904762 1347000.000000 0.551000 0.396668 1000000.000000
5 0.311996 0.311996 0.140717 402214.000000 1289165.000000 0.570278 0.393152 1000000.000000
6 0.377235 0.377235 0.143317 353253.761904 936429.000000 0.687857 0.421125 1000000.000000
7 0.429350 0.429350 0.130398 316154.714285 736356.000000 0.754548 0.433354 1000000.000000
8 0.443244 0.443244 0.126936 286656.476190 646724.000000 0.784425 0.383063 1000000.000000
9 0.420957 0.420957 0.136103 261946.619046 622265.000000 0.792578 0.280190 1000000.000000
10 0.351832 0.351832 0.147861 256771.619046 729813.000000 0.756729 0.184347 1000000.000000
11 0.280189 0.280189 0.130822 288796.142856 1030719.000000 0.656427 0.169673 1000000.000000
12 0.265850 0.265850 0.124444 294486.095237 1107716.000000 0.630761 0.252216 1000000.000000
13 0.194686 0.194686 0.112859 446643.523810 2294177.000000 0.235274 0.405075 1000000.000000
14 0.305173 0.305173 0.116583 897134.904765 2939759.000000 0.020080 0.560532 1000000.000000
15 0.328102 0.328102 0.104981 976101.857146 2974994.000000 0.008335 0.593549 1000000.000000
16 0.329331 0.329331 0.114260 981702.380954 2980896.000000 0.006368 0.605319 1000000.000000
17 0.401600 0.401600 0.149008 437229.666667 1088719.000000 0.637094 0.497554 1000000.000000
18 0.475210 0.475210 0.141999 308956.047618 650147.000000 0.783284 0.454754 1000000.000000
19 0.526032 0.526032 0.114035 202883.142857 385686.000000 0.871438 0.437939 1000000.000000
20 0.543344 0.543344 0.113274 76947.238095 141618.000000 0.952794 0.328034 1000000.000000

# Correlation H vs rho: r=0.6481901566560934, p=0.0014841116090709896


# Test Output
This is job 14
14

Total neutral sequences found: 1000000
MFE Structure: (((...........)))....
Time taken: 5785.810656785965 seconds
