# site H_mean H_mean_from_array H_std_from_array H_total n_non_neutral rho_mean e_val f_q
0 0.137927 0.137927 0.151129 203764.851851 1477340.000000 0.507553 0.130096 1000000.000000
1 0.327823 0.327823 0.156310 898586.703702 2741072.000000 0.086309 0.215291 1000000.000000
2 0.332860 0.332860 0.155932 930104.111112 2794277.000000 0.068574 0.298678 1000000.000000
3 0.320922 0.320922 0.170236 945213.703702 2945309.000000 0.018230 0.244522 1000000.000000
4 0.164121 0.164121 0.126908 354932.185187 2162628.000000 0.279124 0.089586 1000000.000000
5 0.158550 0.158550 0.159353 475650.111117 3000000.000000 0.000000 0.163761 1000000.000000
6 0.185798 0.185798 0.140388 446202.000001 2401540.000000 0.199487 0.133368 1000000.000000
7 0.165855 0.165855 0.148286 359912.814815 2170039.000000 0.276654 0.144776 1000000.000000
8 0.265015 0.265015 0.194206 724702.592596 2734575.000000 0.088475 0.283396 1000000.000000
9 0.423537 0.423537 0.179902 1127896.444443 2663042.000000 0.112319 0.302381 1000000.000000
10 0.460658 0.460658 0.145035 1265814.074073 2747839.000000 0.084054 0.328813 1000000.000000
11 0.330853 0.330853 0.215809 914549.555559 2764219.000000 0.078594 0.285505 1000000.000000
12 0.477071 0.477071 0.164085 359386.814815 753319.000000 0.748894 0.171553 1000000.000000
13 0.568325 0.568325 0.093101 295723.148148 520342.000000 0.826553 0.149038 1000000.000000
14 0.561899 0.561899 0.104440 271539.814815 483254.000000 0.838915 0.142451 1000000.000000
15 0.434020 0.434020 0.184251 329851.592592 759992.000000 0.746669 0.165698 1000000.000000
16 0.305261 0.305261 0.219297 841421.888894 2756404.000000 0.081199 0.292651 1000000.000000
17 0.414990 0.414990 0.159238 1134529.666666 2733875.000000 0.088708 0.326790 1000000.000000
18 0.341748 0.341748 0.208487 904596.518520 2646973.000000 0.117676 0.310904 1000000.000000
19 0.322371 0.322371 0.189457 882467.925928 2737429.000000 0.087524 0.297817 1000000.000000
20 0.165618 0.165618 0.138304 420681.851854 2540071.000000 0.153310 0.141461 1000000.000000
21 0.137890 0.137890 0.117691 413671.296300 3000000.000000 0.000000 0.158810 1000000.000000
22 0.302428 0.302428 0.168830 894537.666667 2957853.000000 0.014049 0.274872 1000000.000000
23 0.310385 0.310385 0.153720 880559.777780 2836996.000000 0.054335 0.243360 1000000.000000
24 0.339536 0.339536 0.162127 920066.925926 2709777.000000 0.096741 0.245340 1000000.000000
25 0.156801 0.156801 0.149163 260668.148146 1662418.000000 0.445861 0.133841 1000000.000000
26 0.249037 0.249037 0.162524 94269.962963 378538.000000 0.873821 0.064833 1000000.000000

# Correlation H vs rho: r=0.36537685987431, p=0.06091576820349432


# Test Output
This is job 76
76

Total neutral sequences found: 1000000
MFE Structure: .(((.(..((((....)))).))))..
Time taken: 15134.43549990654 seconds
