# site H_mean H_mean_from_array H_std_from_array H_total n_non_neutral rho_mean e_val f_q
0 0.479735 0.479735 0.145300 140419.000000 292701.000000 0.902433 0.195084 1000000.000000
1 0.429776 0.429776 0.173991 250222.920000 582217.000000 0.805928 0.236785 1000000.000000
2 0.200127 0.200127 0.186950 351575.439999 1756764.000000 0.414412 0.252789 1000000.000000
3 0.217961 0.217961 0.196894 593723.199997 2723991.000000 0.092003 0.301430 1000000.000000
4 0.130065 0.130065 0.122561 378365.159997 2909050.000000 0.030317 0.231764 1000000.000000
5 0.327984 0.327984 0.147604 833347.160000 2540818.000000 0.153061 0.441109 1000000.000000
6 0.399231 0.399231 0.125922 1107438.119998 2773925.000000 0.075358 0.459658 1000000.000000
7 0.404126 0.404126 0.126682 1104026.039998 2731884.000000 0.089372 0.477162 1000000.000000
8 0.327517 0.327517 0.167702 867157.919999 2647677.000000 0.117441 0.418933 1000000.000000
9 0.184809 0.184809 0.142109 379527.919999 2053623.000000 0.315459 0.209379 1000000.000000
10 0.265816 0.265816 0.169650 289401.880000 1088732.000000 0.637089 0.123989 1000000.000000
11 0.356309 0.356309 0.181045 283545.840000 795787.000000 0.734738 0.138145 1000000.000000
12 0.475683 0.475683 0.132680 279404.520000 587375.000000 0.804208 0.176046 1000000.000000
13 0.506776 0.506776 0.107291 283067.000000 558564.000000 0.813812 0.210704 1000000.000000
14 0.490231 0.490231 0.119015 277600.440000 566264.000000 0.811245 0.229672 1000000.000000
15 0.387747 0.387747 0.173556 303612.280000 783017.000000 0.738994 0.219491 1000000.000000
16 0.289354 0.289354 0.180882 307649.360000 1063229.000000 0.645590 0.203591 1000000.000000
17 0.180234 0.180234 0.140606 370022.759999 2053017.000000 0.315661 0.218410 1000000.000000
18 0.341285 0.341285 0.164517 921092.880000 2698895.000000 0.100368 0.456904 1000000.000000
19 0.406625 0.406625 0.112319 1114326.879998 2740427.000000 0.086524 0.473431 1000000.000000
20 0.365638 0.365638 0.131580 1017326.720000 2782335.000000 0.072555 0.431555 1000000.000000
21 0.336720 0.336720 0.142847 894935.360000 2657802.000000 0.114066 0.438354 1000000.000000
22 0.124649 0.124649 0.112105 367825.879998 2950885.000000 0.016372 0.204428 1000000.000000
23 0.203646 0.203646 0.168867 545317.639998 2677766.000000 0.107411 0.274093 1000000.000000
24 0.120952 0.120952 0.112384 215249.079999 1779627.000000 0.406791 0.152685 1000000.000000

# Correlation H vs rho: r=0.5085550086237227, p=0.009434990016283343


# Test Output
This is job 94
94

Total neutral sequences found: 1000000
MFE Structure: ...(.((((.........)))).).
Time taken: 14445.109263896942 seconds
