# site H_mean H_mean_from_array H_std_from_array H_total n_non_neutral rho_mean e_val f_q
0 0.528695 0.528695 0.183415 54207.666667 102531.000000 0.965823 0.051679 1000000.000000
1 0.473711 0.473711 0.193370 93201.133333 196747.000000 0.934418 0.066818 1000000.000000
2 0.187703 0.187703 0.211380 477374.966672 2543241.000000 0.152253 0.169713 1000000.000000
3 0.293119 0.293119 0.213509 746763.566669 2547649.000000 0.150784 0.200126 1000000.000000
4 0.388753 0.388753 0.194808 951300.233334 2447055.000000 0.184315 0.242733 1000000.000000
5 0.378415 0.378415 0.180264 968704.233334 2559897.000000 0.146701 0.249384 1000000.000000
6 0.249029 0.249029 0.208848 631742.266669 2536822.000000 0.154393 0.176438 1000000.000000
7 0.094931 0.094931 0.104294 205146.566667 2161005.000000 0.279665 0.064218 1000000.000000
8 0.120964 0.120964 0.138536 334993.866671 2769361.000000 0.076880 0.126582 1000000.000000
9 0.191715 0.191715 0.177851 542831.000002 2831444.000000 0.056185 0.181624 1000000.000000
10 0.247616 0.247616 0.217218 614279.133334 2480776.000000 0.173075 0.192638 1000000.000000
11 0.271847 0.271847 0.207065 677502.666668 2492218.000000 0.169261 0.196076 1000000.000000
12 0.200772 0.200772 0.204991 482801.533338 2404727.000000 0.198424 0.151151 1000000.000000
13 0.115371 0.115371 0.136480 175888.700001 1524552.000000 0.491816 0.060063 1000000.000000
14 0.491571 0.491571 0.222193 99669.033333 202756.000000 0.932415 0.056835 1000000.000000
15 0.589478 0.589478 0.150837 108910.833333 184758.000000 0.938414 0.067595 1000000.000000
16 0.601284 0.601284 0.132257 111831.700000 185988.000000 0.938004 0.070270 1000000.000000
17 0.127962 0.127962 0.169402 180817.266668 1413058.000000 0.528981 0.070883 1000000.000000
18 0.226032 0.226032 0.216729 556007.800003 2459860.000000 0.180047 0.193938 1000000.000000
19 0.344273 0.344273 0.210179 859601.300000 2496856.000000 0.167715 0.246649 1000000.000000
20 0.290853 0.290853 0.204041 735431.666667 2528537.000000 0.157154 0.227176 1000000.000000
21 0.185477 0.185477 0.173384 524693.366668 2828879.000000 0.057040 0.160223 1000000.000000
22 0.097975 0.097975 0.095714 211421.300000 2157911.000000 0.280696 0.043235 1000000.000000
23 0.133536 0.133536 0.152519 369670.400004 2768325.000000 0.077225 0.093226 1000000.000000
24 0.100186 0.100186 0.106295 219341.366669 2189340.000000 0.270220 0.065443 1000000.000000
25 0.262313 0.262313 0.201617 667498.533335 2544662.000000 0.151779 0.191204 1000000.000000
26 0.369161 0.369161 0.207678 945745.166668 2561876.000000 0.146041 0.228296 1000000.000000
27 0.343927 0.343927 0.213854 839226.233334 2440132.000000 0.186623 0.208988 1000000.000000
28 0.328093 0.328093 0.209033 836560.566671 2549766.000000 0.150078 0.174719 1000000.000000
29 0.163843 0.163843 0.185895 413225.333339 2522085.000000 0.159305 0.115344 1000000.000000

# Correlation H vs rho: r=0.6737515019021468, p=4.480344722788095e-05


# Test Output
This is job 22
22

Total neutral sequences found: 1000000
MFE Structure: ..(((((.(((((.....)))).).)))))
Time taken: 29528.504167318344 seconds
