# site H_mean H_mean_from_array H_std_from_array H_total n_non_neutral rho_mean e_val f_q
0 0.339596 0.339596 0.242495 51837.666667 152645.000000 0.949118 0.140888 1000000.000000
1 0.165658 0.165658 0.168336 401032.428572 2420844.000000 0.193052 0.224979 1000000.000000
2 0.331031 0.331031 0.185112 813664.476190 2457967.000000 0.180678 0.341329 1000000.000000
3 0.387241 0.387241 0.199493 937249.333336 2420325.000000 0.193225 0.417701 1000000.000000
4 0.374345 0.374345 0.204963 905098.619048 2417819.000000 0.194060 0.435346 1000000.000000
5 0.351534 0.351534 0.207621 890785.142858 2533995.000000 0.155335 0.395092 1000000.000000
6 0.278375 0.278375 0.184189 701210.285716 2518940.000000 0.160353 0.325062 1000000.000000
7 0.148231 0.148231 0.099514 230911.142855 1557777.000000 0.480741 0.149986 1000000.000000
8 0.221263 0.221263 0.170146 67992.000000 307290.000000 0.897570 0.083816 1000000.000000
9 0.324849 0.324849 0.233738 57791.952381 177904.000000 0.940699 0.108078 1000000.000000
10 0.593292 0.593292 0.097079 59103.142857 99619.000000 0.966794 0.128481 1000000.000000
11 0.568911 0.568911 0.113321 73815.571429 129749.000000 0.956750 0.141715 1000000.000000
12 0.398371 0.398371 0.205476 96455.857143 242126.000000 0.919291 0.140888 1000000.000000
13 0.278561 0.278561 0.186316 123775.857143 444340.000000 0.851887 0.132616 1000000.000000
14 0.152080 0.152080 0.103123 238376.523807 1567443.000000 0.477519 0.147781 1000000.000000
15 0.284544 0.284544 0.185343 724103.095240 2544782.000000 0.151739 0.462090 1000000.000000
16 0.350679 0.350679 0.213534 887229.904763 2530037.000000 0.156654 0.361180 1000000.000000
17 0.355818 0.355818 0.219115 858485.857143 2412711.000000 0.195763 0.425696 1000000.000000
18 0.358762 0.358762 0.206470 866329.761904 2414774.000000 0.195075 0.413014 1000000.000000
19 0.293880 0.293880 0.179277 720708.571429 2452388.000000 0.182537 0.322856 1000000.000000
20 0.139873 0.139873 0.133189 335674.095238 2399843.000000 0.200052 0.200993 1000000.000000

# Correlation H vs rho: r=0.3438122921580485, p=0.12700247964462572


# Test Output
This is job 70
70

Total neutral sequences found: 1000000
MFE Structure: .((((((........))))))
Time taken: 5664.688688993454 seconds
