# site H_mean H_mean_from_array H_std_from_array H_total n_non_neutral rho_mean e_val f_q
0 0.388754 0.388754 0.188215 171570.250000 441334.000000 0.852889 0.134567 1000000.000000
1 0.254586 0.254586 0.180850 679715.714284 2669885.000000 0.110038 0.260033 1000000.000000
2 0.279869 0.279869 0.173198 799355.607141 2856180.000000 0.047940 0.289807 1000000.000000
3 0.159165 0.159165 0.167136 354144.821427 2225022.000000 0.258326 0.160585 1000000.000000
4 0.383129 0.383129 0.162302 1010236.321428 2636806.000000 0.121065 0.318100 1000000.000000
5 0.440686 0.440686 0.102609 1206944.214284 2738783.000000 0.087072 0.386461 1000000.000000
6 0.432242 0.432242 0.112130 1153807.678571 2669354.000000 0.110215 0.362650 1000000.000000
7 0.324103 0.324103 0.186324 886690.714285 2735828.000000 0.088057 0.298089 1000000.000000
8 0.191367 0.191367 0.158385 397250.071427 2075855.000000 0.308048 0.163633 1000000.000000
9 0.253280 0.253280 0.162089 339017.214286 1338509.000000 0.553830 0.125179 1000000.000000
10 0.253392 0.253392 0.155859 356610.714285 1407350.000000 0.530883 0.109884 1000000.000000
11 0.289388 0.289388 0.169187 354140.500000 1223756.000000 0.592081 0.108901 1000000.000000
12 0.362123 0.362123 0.175004 341962.142857 944327.000000 0.685224 0.122595 1000000.000000
13 0.449029 0.449029 0.137966 331716.892857 738742.000000 0.753753 0.145058 1000000.000000
14 0.479835 0.479835 0.107621 333106.285714 694210.000000 0.768597 0.161126 1000000.000000
15 0.448558 0.448558 0.134168 340640.678571 759413.000000 0.746862 0.163368 1000000.000000
16 0.363003 0.363003 0.169607 351866.857143 969323.000000 0.676892 0.154235 1000000.000000
17 0.294644 0.294644 0.166124 363633.821428 1234148.000000 0.588617 0.140353 1000000.000000
18 0.251526 0.251526 0.152819 356471.642857 1417235.000000 0.527588 0.128062 1000000.000000
19 0.244555 0.244555 0.157465 327372.214286 1338647.000000 0.553784 0.122275 1000000.000000
20 0.181067 0.181067 0.150784 374712.499999 2069471.000000 0.310176 0.147510 1000000.000000
21 0.304641 0.304641 0.193229 835800.142856 2743556.000000 0.085481 0.282220 1000000.000000
22 0.435200 0.435200 0.101836 1168264.857141 2684433.000000 0.105189 0.363390 1000000.000000
23 0.441009 0.441009 0.094846 1214924.607141 2754872.000000 0.081709 0.395461 1000000.000000
24 0.380571 0.380571 0.167525 992939.178572 2609080.000000 0.130307 0.313793 1000000.000000
25 0.138221 0.138221 0.144066 327910.785714 2372363.000000 0.209212 0.162993 1000000.000000
26 0.284601 0.284601 0.172945 805856.642855 2831534.000000 0.056155 0.267565 1000000.000000
27 0.221423 0.221423 0.180636 583917.607142 2637114.000000 0.120962 0.209652 1000000.000000

# Correlation H vs rho: r=0.1834128449489421, p=0.3501802040826694


# Test Output
This is job 87
87

Total neutral sequences found: 1000000
MFE Structure: .((.((((.............)))).))
Time taken: 28486.970109462738 seconds
