# site H_mean H_mean_from_array H_std_from_array H_total n_non_neutral rho_mean e_val f_q
0 0.597630 0.597630 0.121061 104123.809524 174228.000000 0.941924 0.180597 1000000.000000
1 0.591871 0.591871 0.107595 172567.142857 291562.000000 0.902813 0.221791 1000000.000000
2 0.293470 0.293470 0.242560 748271.047622 2549737.000000 0.150088 0.378507 1000000.000000
3 0.433264 0.433264 0.168566 1125223.190477 2597083.000000 0.134306 0.472239 1000000.000000
4 0.474577 0.474577 0.159381 1185756.238097 2498553.000000 0.167149 0.499403 1000000.000000
5 0.475688 0.475688 0.156038 1196152.666669 2514576.000000 0.161808 0.385373 1000000.000000
6 0.374549 0.374549 0.191359 936272.809523 2499735.000000 0.166755 0.355821 1000000.000000
7 0.142730 0.142730 0.137903 335671.809523 2351792.000000 0.216069 0.229851 1000000.000000
8 0.203943 0.203943 0.189282 559763.428575 2744704.000000 0.085099 0.297612 1000000.000000
9 0.166757 0.166757 0.173309 283250.761904 1698581.000000 0.433806 0.226866 1000000.000000
10 0.558436 0.558436 0.174983 128261.571429 229680.000000 0.923440 0.142687 1000000.000000
11 0.599933 0.599933 0.090174 149122.285714 248565.000000 0.917145 0.186567 1000000.000000
12 0.542911 0.542911 0.132405 179954.857143 331463.000000 0.889512 0.206866 1000000.000000
13 0.179772 0.179772 0.178242 303106.000000 1686062.000000 0.437979 0.219403 1000000.000000
14 0.222129 0.222129 0.201714 618648.380955 2785086.000000 0.071638 0.349851 1000000.000000
15 0.128568 0.128568 0.116780 308973.761905 2403199.000000 0.198934 0.220000 1000000.000000
16 0.352148 0.352148 0.189877 894782.619050 2540926.000000 0.153025 0.427463 1000000.000000
17 0.453010 0.453010 0.182881 1134950.190478 2505351.000000 0.164883 0.420299 1000000.000000
18 0.494316 0.494316 0.132637 1239796.047620 2508104.000000 0.163965 0.417612 1000000.000000
19 0.458374 0.458374 0.165021 1196422.238097 2610144.000000 0.129952 0.391343 1000000.000000
20 0.263810 0.263810 0.226419 661829.761907 2508738.000000 0.163754 0.317313 1000000.000000

# Correlation H vs rho: r=0.589824392507979, p=0.004888920522139765


# Test Output
This is job 88
88

Total neutral sequences found: 1000000
MFE Structure: ..(((((.(.....).)))))
Time taken: 5354.566224575043 seconds
