# site H_mean H_mean_from_array H_std_from_array H_total n_non_neutral rho_mean e_val f_q
0 0.519411 0.519411 0.122149 170672.619048 328589.000000 0.890470 0.316374 1000000.000000
1 0.529416 0.529416 0.118530 286403.380952 540980.000000 0.819673 0.417097 1000000.000000
2 0.538311 0.538311 0.106986 360155.190476 669047.000000 0.776984 0.463326 1000000.000000
3 0.545418 0.545418 0.101339 383642.952381 703392.000000 0.765536 0.471849 1000000.000000
4 0.541055 0.541055 0.106012 376321.047619 695532.000000 0.768156 0.474044 1000000.000000
5 0.519193 0.519193 0.120294 351127.904762 676296.000000 0.774568 0.462423 1000000.000000
6 0.455159 0.455159 0.150042 312259.428571 686044.000000 0.771319 0.439954 1000000.000000
7 0.355583 0.355583 0.167909 285192.476189 802041.000000 0.732653 0.410770 1000000.000000
8 0.181471 0.181471 0.128832 333509.809524 1837812.000000 0.387396 0.427299 1000000.000000
9 0.306924 0.306924 0.159726 884546.428574 2881969.000000 0.039344 0.642175 1000000.000000
10 0.347197 0.347197 0.124540 964927.285719 2779193.000000 0.073602 0.636622 1000000.000000
11 0.362140 0.362140 0.148655 1003520.095241 2771084.000000 0.076305 0.671100 1000000.000000
12 0.422767 0.422767 0.164250 384545.428572 909591.000000 0.696803 0.511622 1000000.000000
13 0.566063 0.566063 0.126003 290548.000000 513279.000000 0.828907 0.483213 1000000.000000
14 0.549019 0.549019 0.123913 322678.714285 587737.000000 0.804088 0.512526 1000000.000000
15 0.443291 0.443291 0.152171 427190.476190 963679.000000 0.678774 0.543388 1000000.000000
16 0.349571 0.349571 0.127012 991320.571433 2835823.000000 0.054726 0.632231 1000000.000000
17 0.359532 0.359532 0.131730 998738.380955 2777883.000000 0.074039 0.690987 1000000.000000
18 0.305808 0.305808 0.148909 881392.000003 2882172.000000 0.039276 0.648760 1000000.000000
19 0.183112 0.183112 0.133340 322798.333333 1762846.000000 0.412385 0.470170 1000000.000000
20 0.284102 0.284102 0.171354 83864.333333 295191.000000 0.901603 0.270145 1000000.000000

# Correlation H vs rho: r=0.6176544859816239, p=0.0028498314808309126


# Test Output
This is job 86
86

Total neutral sequences found: 1000000
MFE Structure: .........(((....)))..
Time taken: 6171.31852889061 seconds
