# site H_mean H_mean_from_array H_std_from_array H_total n_non_neutral rho_mean e_val f_q
0 0.532187 0.532187 0.117879 143137.571428 268961.000000 0.910346 0.269694 1000000.000000
1 0.524646 0.524646 0.103833 266396.047618 507763.000000 0.830746 0.336732 1000000.000000
2 0.282155 0.282155 0.211082 802647.809522 2844706.000000 0.051765 0.464937 1000000.000000
3 0.433292 0.433292 0.119324 1139702.285713 2630331.000000 0.123223 0.542169 1000000.000000
4 0.429072 0.429072 0.118535 1146171.523805 2671282.000000 0.109573 0.504788 1000000.000000
5 0.391831 0.391831 0.152115 1139775.095235 2908844.000000 0.030385 0.501390 1000000.000000
6 0.143727 0.143727 0.111771 292187.761905 2032942.000000 0.322353 0.228607 1000000.000000
7 0.221057 0.221057 0.163304 663169.857144 3000000.000000 0.000000 0.390176 1000000.000000
8 0.209625 0.209625 0.153257 504515.904765 2406760.000000 0.197747 0.324374 1000000.000000
9 0.399262 0.399262 0.160367 224655.380951 562676.000000 0.812441 0.142107 1000000.000000
10 0.477951 0.477951 0.134273 234808.285713 491281.000000 0.836240 0.218412 1000000.000000
11 0.523908 0.523908 0.101867 225251.952380 429946.000000 0.856685 0.291010 1000000.000000
12 0.507748 0.507748 0.114980 248142.666666 488712.000000 0.837096 0.299042 1000000.000000
13 0.403984 0.403984 0.160605 282227.761904 698611.000000 0.767130 0.286376 1000000.000000
14 0.322491 0.322491 0.155956 359417.047619 1114501.000000 0.628500 0.275255 1000000.000000
15 0.190831 0.190831 0.136956 456329.809525 2391279.000000 0.202907 0.318814 1000000.000000
16 0.198396 0.198396 0.164310 595188.285718 3000000.000000 0.000000 0.406549 1000000.000000
17 0.354730 0.354730 0.171740 1033211.047616 2912672.000000 0.029109 0.479147 1000000.000000
18 0.432138 0.432138 0.116561 1149054.999998 2658998.000000 0.113667 0.508187 1000000.000000
19 0.424275 0.424275 0.117172 1115895.333333 2630124.000000 0.123292 0.518690 1000000.000000
20 0.294941 0.294941 0.199674 839040.571424 2844776.000000 0.051741 0.396355 1000000.000000

# Correlation H vs rho: r=0.610582185505383, p=0.003284017948445934


# Test Output
This is job 81
81

Total neutral sequences found: 1000000
MFE Structure: ..((((.(........)))))
Time taken: 5192.388244628906 seconds
