# site H_mean H_mean_from_array H_std_from_array H_total n_non_neutral rho_mean e_val f_q
0 0.164296 0.164296 0.157381 492888.263164 3000000.000000 0.000000 0.194805 1000000.000000
1 0.286473 0.286473 0.190026 675621.421056 2358412.000000 0.213863 0.263451 1000000.000000
2 0.382773 0.382773 0.260013 925487.736849 2417849.000000 0.194050 0.369202 1000000.000000
3 0.338904 0.338904 0.254874 821065.947374 2422706.000000 0.192431 0.320965 1000000.000000
4 0.299943 0.299943 0.244340 707445.947372 2358598.000000 0.213801 0.333952 1000000.000000
5 0.264601 0.264601 0.206089 644196.736846 2434597.000000 0.188468 0.313544 1000000.000000
6 0.165160 0.165160 0.163141 405321.105264 2454119.000000 0.181960 0.313544 1000000.000000
7 0.127075 0.127075 0.098920 162512.842104 1278877.000000 0.573708 0.150278 1000000.000000
8 0.572544 0.572544 0.126048 26955.947368 47081.000000 0.984306 0.109462 1000000.000000
9 0.588239 0.588239 0.140312 21921.894737 37267.000000 0.987578 0.122449 1000000.000000
10 0.525188 0.525188 0.145596 21146.157895 40264.000000 0.986579 0.098330 1000000.000000
11 0.119378 0.119378 0.077309 146488.578946 1227095.000000 0.590968 0.142857 1000000.000000
12 0.146927 0.146927 0.139118 360175.421053 2451396.000000 0.182868 0.257885 1000000.000000
13 0.287131 0.287131 0.221600 699888.421055 2437524.000000 0.187492 0.309833 1000000.000000
14 0.332166 0.332166 0.259474 783685.789483 2359319.000000 0.213560 0.315399 1000000.000000
15 0.363410 0.363410 0.265726 880378.526325 2422550.000000 0.192483 0.330241 1000000.000000
16 0.315467 0.315467 0.247897 761475.000004 2413800.000000 0.195400 0.378479 1000000.000000
17 0.324320 0.324320 0.195832 766107.947368 2362197.000000 0.212601 0.287570 1000000.000000
18 0.165925 0.165925 0.158841 497773.578955 3000000.000000 0.000000 0.237477 1000000.000000

# Correlation H vs rho: r=0.6480977057591578, p=0.002692005403211071


# Test Output
This is job 16
16

Total neutral sequences found: 1000000
MFE Structure: (((((((.....)))))))
Time taken: 3845.5171954631805 seconds
