# site H_mean H_mean_from_array H_std_from_array H_total n_non_neutral rho_mean e_val f_q
0 0.423025 0.423025 0.116363 182919.181818 432408.000000 0.855864 0.272762 1000000.000000
1 0.432425 0.432425 0.111885 317269.727273 733699.000000 0.755434 0.374184 1000000.000000
2 0.441252 0.441252 0.105879 381888.227273 865465.000000 0.711512 0.411833 1000000.000000
3 0.438475 0.438475 0.111475 383652.090909 874969.000000 0.708344 0.407607 1000000.000000
4 0.409083 0.409083 0.130261 348522.909091 851961.000000 0.716013 0.403093 1000000.000000
5 0.351044 0.351044 0.142205 316530.954546 901685.000000 0.699438 0.383692 1000000.000000
6 0.302126 0.302126 0.137080 303646.181819 1005030.000000 0.664990 0.379178 1000000.000000
7 0.188267 0.188267 0.113098 409450.772728 2174837.000000 0.275054 0.356896 1000000.000000
8 0.216897 0.216897 0.104055 650691.727271 3000000.000000 0.000000 0.390127 1000000.000000
9 0.232925 0.232925 0.107582 698776.363634 3000000.000000 0.000000 0.407895 1000000.000000
10 0.191920 0.191920 0.139161 434131.999998 2262047.000000 0.245984 0.336727 1000000.000000
11 0.372294 0.372294 0.156494 275103.090910 738941.000000 0.753686 0.165386 1000000.000000
12 0.476535 0.476535 0.111300 249656.772728 523900.000000 0.825367 0.249232 1000000.000000
13 0.477112 0.477112 0.114462 242134.818182 507501.000000 0.830833 0.335574 1000000.000000
14 0.373913 0.373913 0.165141 255685.272728 683810.000000 0.772063 0.366596 1000000.000000
15 0.177012 0.177012 0.134765 378250.818181 2136869.000000 0.287710 0.419420 1000000.000000
16 0.257922 0.257922 0.128044 773766.772726 3000000.000000 0.000000 0.627929 1000000.000000
17 0.251567 0.251567 0.131419 754701.272726 3000000.000000 0.000000 0.640799 1000000.000000
18 0.191690 0.191690 0.110804 407563.681817 2126165.000000 0.291278 0.355071 1000000.000000
19 0.289611 0.289611 0.114195 317221.409091 1095335.000000 0.634888 0.314733 1000000.000000
20 0.302821 0.302821 0.109238 247019.863637 815729.000000 0.728090 0.260949 1000000.000000
21 0.321832 0.321832 0.104665 103086.045454 320310.000000 0.893230 0.177391 1000000.000000

# Correlation H vs rho: r=0.7927027878527628, p=1.0886026719444434e-05


# Test Output
This is job 11
11

Total neutral sequences found: 1000000
MFE Structure: ........((......))....
Time taken: 6849.800458431244 seconds
