# site H_mean H_mean_from_array H_std_from_array H_total n_non_neutral rho_mean e_val f_q
0 0.225883 0.225883 0.207589 61296.965517 271366.000000 0.909545 0.051909 1000000.000000
1 0.117218 0.117218 0.111569 171762.620691 1465329.000000 0.511557 0.073616 1000000.000000
2 0.245550 0.245550 0.185024 635442.103446 2587837.000000 0.137388 0.211828 1000000.000000
3 0.280904 0.280904 0.151118 745546.068964 2654093.000000 0.115302 0.263412 1000000.000000
4 0.236938 0.236938 0.186841 593650.517241 2505507.000000 0.164831 0.199017 1000000.000000
5 0.113204 0.113204 0.114293 215156.517243 1900616.000000 0.366461 0.089043 1000000.000000
6 0.219082 0.219082 0.195081 555698.999999 2536488.000000 0.154504 0.221537 1000000.000000
7 0.326239 0.326239 0.195248 848045.551723 2599458.000000 0.133514 0.290999 1000000.000000
8 0.340215 0.340215 0.200675 878924.689654 2583437.000000 0.138854 0.305713 1000000.000000
9 0.314950 0.314950 0.196278 824036.206896 2616400.000000 0.127867 0.285895 1000000.000000
10 0.201382 0.201382 0.186569 526928.275861 2616559.000000 0.127814 0.210715 1000000.000000
11 0.131063 0.131063 0.120223 233401.724139 1780836.000000 0.406388 0.088029 1000000.000000
12 0.282415 0.282415 0.223383 139142.862069 492689.000000 0.835770 0.068299 1000000.000000
13 0.439590 0.439590 0.228206 113941.275862 259199.000000 0.913600 0.071977 1000000.000000
14 0.559532 0.559532 0.154915 102869.413793 183849.000000 0.938717 0.073316 1000000.000000
15 0.470241 0.470241 0.208138 107534.344828 228679.000000 0.923774 0.079809 1000000.000000
16 0.255920 0.255920 0.212275 133538.482759 521797.000000 0.826068 0.080147 1000000.000000
17 0.129457 0.129457 0.109442 235563.344829 1819623.000000 0.393459 0.083850 1000000.000000
18 0.190374 0.190374 0.176392 502189.137930 2637913.000000 0.120696 0.208062 1000000.000000
19 0.289926 0.289926 0.193520 755747.551723 2606688.000000 0.131104 0.293539 1000000.000000
20 0.314914 0.314914 0.200005 810930.517240 2575086.000000 0.141638 0.329922 1000000.000000
21 0.298350 0.298350 0.194638 773933.241378 2594049.000000 0.135317 0.305613 1000000.000000
22 0.209319 0.209319 0.188666 529781.965517 2530982.000000 0.156339 0.232196 1000000.000000
23 0.112494 0.112494 0.105840 214468.310346 1906481.000000 0.364506 0.090632 1000000.000000
24 0.219470 0.219470 0.183657 558452.103448 2544554.000000 0.151815 0.209013 1000000.000000
25 0.291368 0.291368 0.146674 773057.275860 2653199.000000 0.115600 0.254041 1000000.000000
26 0.230295 0.230295 0.180430 581607.999998 2525493.000000 0.158169 0.216257 1000000.000000
27 0.115300 0.115300 0.101586 173112.793105 1501409.000000 0.499530 0.072265 1000000.000000
28 0.191596 0.191596 0.172595 35006.586207 182710.000000 0.939097 0.034944 1000000.000000

# Correlation H vs rho: r=0.2868089270334609, p=0.1314341359195829


# Test Output
This is job 5
5

Total neutral sequences found: 1000000
MFE Structure: ..(((.(((((.......))))).)))..
Time taken: 33561.88053107262 seconds
