# site H_mean H_mean_from_array H_std_from_array H_total n_non_neutral rho_mean e_val f_q
0 0.118833 0.118833 0.116505 163512.692308 1375988.000000 0.541337 0.161968 1000000.000000
1 0.309686 0.309686 0.193721 813282.230771 2626153.000000 0.124616 0.421245 1000000.000000
2 0.361683 0.361683 0.168194 972047.423078 2687567.000000 0.104144 0.468695 1000000.000000
3 0.367895 0.367895 0.163400 980843.923078 2666098.000000 0.111301 0.537481 1000000.000000
4 0.350762 0.350762 0.174947 901549.230770 2570257.000000 0.143248 0.516145 1000000.000000
5 0.179836 0.179836 0.163579 315446.461541 1754076.000000 0.415308 0.256535 1000000.000000
6 0.381492 0.381492 0.208804 245324.269231 643066.000000 0.785645 0.245421 1000000.000000
7 0.454325 0.454325 0.194440 259853.807692 571956.000000 0.809348 0.258452 1000000.000000
8 0.524783 0.524783 0.154694 261681.384615 498647.000000 0.833784 0.271735 1000000.000000
9 0.541428 0.541428 0.155171 254378.500000 469829.000000 0.843390 0.257267 1000000.000000
10 0.500280 0.500280 0.202478 246086.307692 491897.000000 0.836034 0.206184 1000000.000000
11 0.403730 0.403730 0.240488 242816.538462 601433.000000 0.799522 0.150003 1000000.000000
12 0.175599 0.175599 0.172309 301792.269233 1718644.000000 0.427119 0.171472 1000000.000000
13 0.352127 0.352127 0.176219 920677.961541 2614618.000000 0.128461 0.433517 1000000.000000
14 0.362797 0.362797 0.170025 970706.269232 2675619.000000 0.108127 0.455758 1000000.000000
15 0.362004 0.362004 0.165491 969493.153847 2678127.000000 0.107291 0.526926 1000000.000000
16 0.303422 0.303422 0.192989 779464.192310 2568908.000000 0.143697 0.481552 1000000.000000
17 0.168805 0.168805 0.177906 253878.538464 1503973.000000 0.498676 0.240590 1000000.000000
18 0.430747 0.430747 0.208484 251766.192308 584488.000000 0.805171 0.249201 1000000.000000
19 0.521250 0.521250 0.155097 279370.230769 535962.000000 0.821346 0.251970 1000000.000000
20 0.539771 0.539771 0.142794 296635.807692 549559.000000 0.816814 0.263975 1000000.000000
21 0.550811 0.550811 0.132280 306482.576923 556421.000000 0.814526 0.274157 1000000.000000
22 0.558009 0.558009 0.127381 298515.807692 534966.000000 0.821678 0.274504 1000000.000000
23 0.551863 0.551863 0.146387 261464.538462 473785.000000 0.842072 0.264095 1000000.000000
24 0.547972 0.547972 0.155931 186270.500000 339927.000000 0.886691 0.216765 1000000.000000
25 0.553182 0.553182 0.162477 71556.846154 129355.000000 0.956882 0.122331 1000000.000000

# Correlation H vs rho: r=0.6219653100313146, p=0.0006933082797775338


# Test Output
This is job 72
72

Total neutral sequences found: 1000000
MFE Structure: .((((........)))).........
Time taken: 29125.18060851097 seconds
