# site H_mean H_mean_from_array H_std_from_array H_total n_non_neutral rho_mean e_val f_q
0 0.533453 0.533453 0.147325 116562.695652 218506.000000 0.927165 0.244854 1000000.000000
1 0.508235 0.508235 0.158737 201898.521739 397254.000000 0.867582 0.315073 1000000.000000
2 0.477947 0.477947 0.169346 258600.173913 541065.000000 0.819645 0.333710 1000000.000000
3 0.397414 0.397414 0.191687 295439.521739 743405.000000 0.752198 0.316516 1000000.000000
4 0.323779 0.323779 0.191214 305276.869565 942857.000000 0.685714 0.296373 1000000.000000
5 0.181699 0.181699 0.144867 314942.478259 1733319.000000 0.422227 0.289219 1000000.000000
6 0.290276 0.290276 0.169086 797868.347826 2748655.000000 0.083782 0.533948 1000000.000000
7 0.364836 0.364836 0.137558 960234.260872 2631958.000000 0.122681 0.585718 1000000.000000
8 0.366898 0.366898 0.132922 979006.652177 2668332.000000 0.110556 0.565512 1000000.000000
9 0.328812 0.328812 0.176308 845664.478261 2571878.000000 0.142707 0.536772 1000000.000000
10 0.164080 0.164080 0.157309 262220.217390 1598122.000000 0.467293 0.269453 1000000.000000
11 0.439763 0.439763 0.202442 181216.173913 412077.000000 0.862641 0.138115 1000000.000000
12 0.541890 0.541890 0.150905 189431.217391 349575.000000 0.883475 0.211094 1000000.000000
13 0.548147 0.548147 0.135083 202600.782608 369610.000000 0.876797 0.280811 1000000.000000
14 0.473674 0.473674 0.173502 208202.000000 439547.000000 0.853484 0.294616 1000000.000000
15 0.173451 0.173451 0.169771 278813.347824 1607445.000000 0.464185 0.308170 1000000.000000
16 0.333167 0.333167 0.169519 879302.869564 2639222.000000 0.120259 0.502322 1000000.000000
17 0.358414 0.358414 0.135555 954103.086959 2662014.000000 0.112662 0.617093 1000000.000000
18 0.373763 0.373763 0.128480 985094.086959 2635612.000000 0.121463 0.529807 1000000.000000
19 0.296018 0.296018 0.166729 810948.782609 2739527.000000 0.086824 0.509413 1000000.000000
20 0.178271 0.178271 0.128721 317945.217390 1783492.000000 0.405503 0.294239 1000000.000000
21 0.260074 0.260074 0.142967 206313.086956 793287.000000 0.735571 0.208459 1000000.000000
22 0.253748 0.253748 0.137588 85674.130435 337635.000000 0.887455 0.116466 1000000.000000

# Correlation H vs rho: r=0.4747327688036206, p=0.022081161559704472


# Test Output
This is job 85
85

Total neutral sequences found: 1000000
MFE Structure: ......((((......))))...
Time taken: 9179.080735445023 seconds
