# site H_mean H_mean_from_array H_std_from_array H_total n_non_neutral rho_mean e_val f_q
0 0.190876 0.190876 0.143557 89627.241379 469557.000000 0.843481 0.042681 1000000.000000
1 0.187310 0.187310 0.134956 152123.172414 812148.000000 0.729284 0.057186 1000000.000000
2 0.122391 0.122391 0.101032 201156.689656 1643559.000000 0.452147 0.073378 1000000.000000
3 0.176040 0.176040 0.175358 451842.965516 2566708.000000 0.144431 0.216069 1000000.000000
4 0.256067 0.256067 0.186502 628986.068963 2456330.000000 0.181223 0.279984 1000000.000000
5 0.330286 0.330286 0.201570 833742.137929 2524306.000000 0.158565 0.343827 1000000.000000
6 0.337883 0.337883 0.201179 851948.862067 2521433.000000 0.159522 0.366095 1000000.000000
7 0.315431 0.315431 0.211934 767099.310343 2431911.000000 0.189363 0.362422 1000000.000000
8 0.290581 0.290581 0.202082 708889.310344 2439560.000000 0.186813 0.323462 1000000.000000
9 0.212872 0.212872 0.187080 528128.862068 2480965.000000 0.173012 0.260034 1000000.000000
10 0.127804 0.127804 0.115641 206364.241381 1614694.000000 0.461769 0.093934 1000000.000000
11 0.243551 0.243551 0.199074 126944.482759 521224.000000 0.826259 0.087074 1000000.000000
12 0.341832 0.341832 0.226046 111007.655173 324743.000000 0.891752 0.095195 1000000.000000
13 0.519579 0.519579 0.153252 98684.206897 189931.000000 0.936690 0.100497 1000000.000000
14 0.522111 0.522111 0.159165 99837.482759 191219.000000 0.936260 0.096526 1000000.000000
15 0.366281 0.366281 0.231776 104004.482759 283947.000000 0.905351 0.081510 1000000.000000
16 0.225944 0.225944 0.202610 116109.379310 513886.000000 0.828705 0.068028 1000000.000000
17 0.117530 0.117530 0.105776 185118.241381 1575076.000000 0.474975 0.078098 1000000.000000
18 0.200949 0.200949 0.184877 500903.000000 2492692.000000 0.169103 0.236233 1000000.000000
19 0.308769 0.308769 0.200132 754427.310344 2443336.000000 0.185555 0.306009 1000000.000000
20 0.336233 0.336233 0.210243 820146.689653 2439224.000000 0.186925 0.342698 1000000.000000
21 0.351610 0.351610 0.202304 887908.137929 2525265.000000 0.158245 0.349379 1000000.000000
22 0.313141 0.313141 0.204226 788456.931033 2517896.000000 0.160701 0.344267 1000000.000000
23 0.277427 0.277427 0.185466 681625.448276 2456958.000000 0.181014 0.279675 1000000.000000
24 0.176854 0.176854 0.178204 451602.241378 2553526.000000 0.148825 0.214642 1000000.000000
25 0.132260 0.132260 0.122030 222076.620691 1679089.000000 0.440304 0.083424 1000000.000000
26 0.216455 0.216455 0.171867 160524.758621 741608.000000 0.752797 0.084613 1000000.000000
27 0.221707 0.221707 0.176272 116275.137931 524454.000000 0.825182 0.074876 1000000.000000
28 0.291771 0.291771 0.214004 35418.379310 121391.000000 0.959536 0.052216 1000000.000000

# Correlation H vs rho: r=0.20106141650326972, p=0.29563039411698433


# Test Output
This is job 32
32

Total neutral sequences found: 1000000
MFE Structure: ...(((((((........)))))))....
Time taken: 30398.206827878952 seconds
