# site H_mean H_mean_from_array H_std_from_array H_total n_non_neutral rho_mean e_val f_q
0 0.381508 0.381508 0.244905 170223.571429 446186.000000 0.851271 0.105855 1000000.000000
1 0.180010 0.180010 0.202259 298696.285714 1659334.000000 0.446889 0.140813 1000000.000000
2 0.257368 0.257368 0.237502 706399.107142 2744705.000000 0.085098 0.239777 1000000.000000
3 0.381388 0.381388 0.226436 1025798.642860 2689645.000000 0.103452 0.278383 1000000.000000
4 0.459458 0.459458 0.177000 1251406.499999 2723657.000000 0.092114 0.325062 1000000.000000
5 0.352342 0.352342 0.230622 1057026.857146 3000000.000000 0.000000 0.262227 1000000.000000
6 0.657558 0.657558 0.113272 385262.642857 585899.000000 0.804700 0.165098 1000000.000000
7 0.661024 0.661024 0.121477 374995.392857 567295.000000 0.810902 0.170795 1000000.000000
8 0.622576 0.622576 0.174626 394758.428572 634073.000000 0.788642 0.168611 1000000.000000
9 0.329680 0.329680 0.258938 989038.892858 3000000.000000 0.000000 0.293312 1000000.000000
10 0.461980 0.461980 0.206766 1252377.071428 2710889.000000 0.096370 0.336062 1000000.000000
11 0.363985 0.363985 0.236094 976019.571430 2681486.000000 0.106171 0.271662 1000000.000000
12 0.298471 0.298471 0.231823 820418.642858 2748742.000000 0.083753 0.235769 1000000.000000
13 0.188026 0.188026 0.196467 327630.392856 1742475.000000 0.419175 0.120367 1000000.000000
14 0.336860 0.336860 0.229921 883232.714285 2621959.000000 0.126014 0.210122 1000000.000000
15 0.434120 0.434120 0.214291 1170297.857143 2695794.000000 0.101402 0.355472 1000000.000000
16 0.431306 0.431306 0.198441 1158769.892858 2686654.000000 0.104449 0.254582 1000000.000000
17 0.411214 0.411214 0.240414 1082720.535715 2632988.000000 0.122337 0.311259 1000000.000000
18 0.232489 0.232489 0.258461 418233.571426 1798941.000000 0.400353 0.165436 1000000.000000
19 0.601635 0.601635 0.219095 358050.000000 595128.000000 0.801624 0.159345 1000000.000000
20 0.668004 0.668004 0.131075 377661.000000 565357.000000 0.811548 0.162520 1000000.000000
21 0.658002 0.658002 0.133668 360502.928571 547875.000000 0.817375 0.164006 1000000.000000
22 0.551589 0.551589 0.230285 352257.071429 638622.000000 0.787126 0.160302 1000000.000000
23 0.211192 0.211192 0.240375 378445.571427 1791947.000000 0.402684 0.164580 1000000.000000
24 0.391049 0.391049 0.214576 1057698.428573 2704773.000000 0.098409 0.285589 1000000.000000
25 0.441040 0.441040 0.197318 1183806.857144 2684128.000000 0.105291 0.299752 1000000.000000
26 0.400983 0.400983 0.197653 1082178.964288 2698817.000000 0.100394 0.278259 1000000.000000
27 0.286923 0.286923 0.232796 731773.071428 2550419.000000 0.149860 0.223463 1000000.000000

# Correlation H vs rho: r=0.596171275211412, p=0.0008141672954771372


# Test Output
This is job 12
12

Total neutral sequences found: 1000000
MFE Structure: ..((((...)))).((((......))))
Time taken: 33221.38826227188 seconds
