# site H_mean H_mean_from_array H_std_from_array H_total n_non_neutral rho_mean e_val f_q
0 0.099553 0.099553 0.077078 243660.695653 2447536.000000 0.184155 0.100435 1000000.000000
1 0.208163 0.208163 0.134289 564697.826089 2712763.000000 0.095746 0.215796 1000000.000000
2 0.242159 0.242159 0.193089 567803.434783 2344756.000000 0.218415 0.279851 1000000.000000
3 0.229068 0.229068 0.213459 537220.043477 2345238.000000 0.218254 0.319963 1000000.000000
4 0.212754 0.212754 0.201119 498670.999999 2343883.000000 0.218706 0.323072 1000000.000000
5 0.194809 0.194809 0.188525 456873.173914 2345240.000000 0.218253 0.278918 1000000.000000
6 0.223604 0.223604 0.189174 536228.391305 2398115.000000 0.200628 0.249378 1000000.000000
7 0.199100 0.199100 0.136991 498042.739132 2501465.000000 0.166178 0.192164 1000000.000000
8 0.117654 0.117654 0.115218 287904.086957 2447047.000000 0.184318 0.152052 1000000.000000
9 0.094971 0.094971 0.061349 117951.043479 1241966.000000 0.586011 0.076803 1000000.000000
10 0.567437 0.567437 0.232260 13951.565217 24587.000000 0.991804 0.055348 1000000.000000
11 0.632123 0.632123 0.162732 19415.652174 30715.000000 0.989762 0.071206 1000000.000000
12 0.542872 0.542872 0.189980 24915.130435 45895.000000 0.984702 0.074005 1000000.000000
13 0.099539 0.099539 0.076031 120688.434783 1212474.000000 0.595842 0.075871 1000000.000000
14 0.104094 0.104094 0.080119 255161.565218 2451250.000000 0.182917 0.138682 1000000.000000
15 0.227257 0.227257 0.146353 568000.869566 2499375.000000 0.166875 0.309080 1000000.000000
16 0.197549 0.197549 0.167551 473583.086960 2397297.000000 0.200901 0.208955 1000000.000000
17 0.168264 0.168264 0.168227 394749.086958 2346007.000000 0.217998 0.259950 1000000.000000
18 0.188268 0.188268 0.179062 441010.739131 2342457.000000 0.219181 0.298507 1000000.000000
19 0.200911 0.200911 0.186602 471119.782610 2344920.000000 0.218360 0.297264 1000000.000000
20 0.222708 0.222708 0.162193 521800.130439 2342980.000000 0.219007 0.260572 1000000.000000
21 0.185016 0.185016 0.114493 501815.043482 2712275.000000 0.095908 0.195274 1000000.000000
22 0.096521 0.096521 0.065214 234000.782610 2424339.000000 0.191887 0.103545 1000000.000000

# Correlation H vs rho: r=0.7915887938473641, p=6.8262423658664844e-06


# Test Output
This is job 49
49

Total neutral sequences found: 1000000
MFE Structure: (((((((((.....)))))))))
Time taken: 8492.491587638855 seconds
