# site H_mean H_mean_from_array H_std_from_array H_total n_non_neutral rho_mean e_val f_q
0 0.451965 0.451965 0.145530 212021.481481 469110.000000 0.843630 0.168243 1000000.000000
1 0.464468 0.464468 0.137873 357184.592593 769019.000000 0.743660 0.243418 1000000.000000
2 0.474437 0.474437 0.126283 450921.925926 950436.000000 0.683188 0.278580 1000000.000000
3 0.482802 0.482802 0.115964 490294.222222 1015519.000000 0.661494 0.290778 1000000.000000
4 0.483832 0.483832 0.111820 491266.185185 1015366.000000 0.661545 0.286126 1000000.000000
5 0.470881 0.470881 0.116999 484308.555556 1028515.000000 0.657162 0.273939 1000000.000000
6 0.434119 0.434119 0.138802 465991.185186 1073418.000000 0.642194 0.262891 1000000.000000
7 0.377108 0.377108 0.158546 445852.074074 1182294.000000 0.605902 0.249041 1000000.000000
8 0.336748 0.336748 0.159913 442730.777778 1314726.000000 0.561758 0.238223 1000000.000000
9 0.207528 0.207528 0.159059 418847.185187 2018271.000000 0.327243 0.218164 1000000.000000
10 0.232720 0.232720 0.167243 670634.851856 2881721.000000 0.039426 0.315111 1000000.000000
11 0.150971 0.150971 0.145989 411493.592593 2725646.000000 0.091451 0.227990 1000000.000000
12 0.337145 0.337145 0.135970 943097.481483 2797307.000000 0.067564 0.349573 1000000.000000
13 0.376326 0.376326 0.134768 1075431.296297 2857714.000000 0.047429 0.368617 1000000.000000
14 0.297094 0.297094 0.176625 800571.777781 2694675.000000 0.101775 0.315926 1000000.000000
15 0.489862 0.489862 0.103078 342804.629630 699799.000000 0.766734 0.219220 1000000.000000
16 0.496643 0.496643 0.095448 381835.814815 768833.000000 0.743722 0.265483 1000000.000000
17 0.485939 0.485939 0.101680 381401.222222 784875.000000 0.738375 0.264364 1000000.000000
18 0.308702 0.308702 0.168073 837221.111114 2712071.000000 0.095976 0.392261 1000000.000000
19 0.350664 0.350664 0.126248 1004739.740741 2865246.000000 0.044918 0.389773 1000000.000000
20 0.336709 0.336709 0.145611 929927.111112 2761810.000000 0.079397 0.388592 1000000.000000
21 0.144122 0.144122 0.143134 403931.777779 2802714.000000 0.065762 0.225805 1000000.000000
22 0.272220 0.272220 0.182548 781322.851855 2870193.000000 0.043269 0.354883 1000000.000000
23 0.188269 0.188269 0.147227 455015.370371 2416834.000000 0.194389 0.213126 1000000.000000
24 0.307061 0.307061 0.150759 349495.703703 1138198.000000 0.620601 0.195347 1000000.000000
25 0.306259 0.306259 0.145009 269259.740739 879190.000000 0.706937 0.153307 1000000.000000
26 0.322821 0.322821 0.142094 109490.555555 339168.000000 0.886944 0.083819 1000000.000000

# Correlation H vs rho: r=0.6890006001684782, p=7.061774547302842e-05


# Test Output
This is job 46
46

Total neutral sequences found: 1000000
MFE Structure: ..........(.(((...))).)....
Time taken: 33151.826419591904 seconds
