# site H_mean H_mean_from_array H_std_from_array H_total n_non_neutral rho_mean e_val f_q
0 0.111400 0.111400 0.120383 279009.407406 2504562.000000 0.165146 0.129250 1000000.000000
1 0.195920 0.195920 0.157939 492102.740740 2511750.000000 0.162750 0.224891 1000000.000000
2 0.252886 0.252886 0.206880 595519.629632 2354898.000000 0.215034 0.263784 1000000.000000
3 0.250512 0.250512 0.226122 590954.481485 2358983.000000 0.213672 0.302187 1000000.000000
4 0.263165 0.263165 0.248092 630017.222227 2394004.000000 0.201999 0.327577 1000000.000000
5 0.224186 0.224186 0.234523 536391.592594 2392617.000000 0.202461 0.275231 1000000.000000
6 0.247891 0.247891 0.212479 611799.222225 2468017.000000 0.177328 0.250575 1000000.000000
7 0.225979 0.225979 0.184063 567609.333336 2511784.000000 0.162739 0.254684 1000000.000000
8 0.131978 0.131978 0.131435 320784.370370 2430590.000000 0.189803 0.176410 1000000.000000
9 0.112690 0.112690 0.071683 195470.666665 1734589.000000 0.421804 0.073724 1000000.000000
10 0.142931 0.142931 0.096925 129045.111110 902852.000000 0.699049 0.062570 1000000.000000
11 0.187853 0.187853 0.151316 81603.629629 434402.000000 0.855199 0.077540 1000000.000000
12 0.360385 0.360385 0.235247 47692.629630 132338.000000 0.955887 0.083851 1000000.000000
13 0.540829 0.540829 0.194669 40919.629630 75661.000000 0.974780 0.082628 1000000.000000
14 0.418021 0.418021 0.240550 46283.703704 110721.000000 0.963093 0.082775 1000000.000000
15 0.212454 0.212454 0.173227 78679.925926 370339.000000 0.876554 0.073431 1000000.000000
16 0.148299 0.148299 0.115746 120905.296296 815278.000000 0.728241 0.067609 1000000.000000
17 0.114306 0.114306 0.075698 196747.888887 1721236.000000 0.426255 0.067022 1000000.000000
18 0.146725 0.146725 0.146573 359868.703704 2452677.000000 0.182441 0.195587 1000000.000000
19 0.236088 0.236088 0.185593 593069.444446 2512067.000000 0.162644 0.268627 1000000.000000
20 0.231148 0.231148 0.206382 569418.888891 2463438.000000 0.178854 0.248129 1000000.000000
21 0.256969 0.256969 0.243646 614927.000004 2392999.000000 0.202334 0.276943 1000000.000000
22 0.246204 0.246204 0.243720 589594.037041 2394738.000000 0.201754 0.330806 1000000.000000
23 0.225583 0.225583 0.216444 531567.703706 2356418.000000 0.214527 0.309427 1000000.000000
24 0.231676 0.231676 0.197680 545235.296297 2353434.000000 0.215522 0.285407 1000000.000000
25 0.212614 0.212614 0.164543 534378.851849 2513378.000000 0.162207 0.247101 1000000.000000
26 0.107920 0.107920 0.111458 269790.888887 2499910.000000 0.166697 0.136784 1000000.000000

# Correlation H vs rho: r=0.457950794918935, p=0.01630216490752184


# Test Output
This is job 36
36

Total neutral sequences found: 1000000
MFE Structure: (((((((((.........)))))))))
Time taken: 15089.33073592186 seconds
