# site H_mean H_mean_from_array H_std_from_array H_total n_non_neutral rho_mean e_val f_q
0 0.263833 0.263833 0.206116 683537.551723 2590795.000000 0.136402 0.235831 1000000.000000
1 0.380469 0.380469 0.168002 974789.379309 2562074.000000 0.145975 0.289429 1000000.000000
2 0.421671 0.421671 0.133883 1081368.620687 2564485.000000 0.145172 0.298722 1000000.000000
3 0.418856 0.418856 0.129064 1117312.999999 2667533.000000 0.110822 0.352797 1000000.000000
4 0.307956 0.307956 0.193663 793319.517240 2576084.000000 0.141305 0.279778 1000000.000000
5 0.190493 0.190493 0.154102 353616.103448 1856316.000000 0.381228 0.126780 1000000.000000
6 0.288147 0.288147 0.154706 316162.172413 1097226.000000 0.634258 0.112358 1000000.000000
7 0.256156 0.256156 0.138255 347756.758620 1357597.000000 0.547468 0.101330 1000000.000000
8 0.168221 0.168221 0.126276 354358.000000 2106508.000000 0.297831 0.107077 1000000.000000
9 0.245680 0.245680 0.151029 681907.999997 2775595.000000 0.074802 0.207280 1000000.000000
10 0.251459 0.251459 0.142864 708462.103445 2817404.000000 0.060865 0.221799 1000000.000000
11 0.182145 0.182145 0.151301 369535.689655 2028800.000000 0.323733 0.131410 1000000.000000
12 0.372170 0.372170 0.174029 252974.275862 679728.000000 0.773424 0.116479 1000000.000000
13 0.430782 0.430782 0.159265 250104.344828 580582.000000 0.806473 0.125587 1000000.000000
14 0.464232 0.464232 0.136864 246744.862069 531512.000000 0.822829 0.125500 1000000.000000
15 0.398183 0.398183 0.165012 262245.206896 658604.000000 0.780465 0.111968 1000000.000000
16 0.330150 0.330150 0.161514 286426.379310 867565.000000 0.710812 0.099162 1000000.000000
17 0.265361 0.265361 0.142353 311265.241379 1172986.000000 0.609005 0.087245 1000000.000000
18 0.165210 0.165210 0.124467 347432.758621 2102978.000000 0.299007 0.104822 1000000.000000
19 0.246587 0.246587 0.152820 706522.586202 2865210.000000 0.044930 0.200124 1000000.000000
20 0.252550 0.252550 0.143863 687005.137929 2720274.000000 0.093242 0.210707 1000000.000000
21 0.168313 0.168313 0.138367 344257.655172 2045336.000000 0.318221 0.124318 1000000.000000
22 0.183826 0.183826 0.145451 349425.068965 1900850.000000 0.366383 0.118213 1000000.000000
23 0.323819 0.323819 0.186269 833152.689654 2572893.000000 0.142369 0.298179 1000000.000000
24 0.405733 0.405733 0.146305 1078997.241379 2659380.000000 0.113540 0.343624 1000000.000000
25 0.418331 0.418331 0.144191 1068273.655172 2553657.000000 0.148781 0.321482 1000000.000000
26 0.388375 0.388375 0.159320 1000420.517240 2575914.000000 0.141362 0.274433 1000000.000000
27 0.274358 0.274358 0.202564 714204.344827 2603188.000000 0.132271 0.250068 1000000.000000
28 0.354865 0.354865 0.201992 105336.448276 296835.000000 0.901055 0.105614 1000000.000000

# Correlation H vs rho: r=0.23810537142748484, p=0.21356669370712078


# Test Output
This is job 24
24

Total neutral sequences found: 1000000
MFE Structure: (((((....((........))..))))).
Time taken: 31814.953100681305 seconds
