# site H_mean H_mean_from_array H_std_from_array H_total n_non_neutral rho_mean e_val f_q
0 0.116739 0.116739 0.085444 133837.700001 1146471.000000 0.617843 0.145961 1000000.000000
1 0.167727 0.167727 0.164099 433397.850000 2583946.000000 0.138685 0.236931 1000000.000000
2 0.314432 0.314432 0.174806 815177.800001 2592541.000000 0.135820 0.458927 1000000.000000
3 0.355469 0.355469 0.212562 875450.700001 2462803.000000 0.179066 0.407332 1000000.000000
4 0.301621 0.301621 0.212054 720374.400001 2388341.000000 0.203886 0.440597 1000000.000000
5 0.308805 0.308805 0.204921 738172.650000 2390419.000000 0.203194 0.413442 1000000.000000
6 0.165891 0.165891 0.153847 391949.750002 2362697.000000 0.212434 0.291242 1000000.000000
7 0.126468 0.126468 0.098022 179308.850002 1417825.000000 0.527392 0.153428 1000000.000000
8 0.336079 0.336079 0.215209 50667.250000 150760.000000 0.949747 0.122200 1000000.000000
9 0.573278 0.573278 0.097161 42948.850000 74918.000000 0.975027 0.133741 1000000.000000
10 0.587531 0.587531 0.096940 37740.050000 64235.000000 0.978588 0.131704 1000000.000000
11 0.399595 0.399595 0.226289 37050.850000 92721.000000 0.969093 0.115411 1000000.000000
12 0.118009 0.118009 0.086140 162142.050002 1373979.000000 0.542007 0.143245 1000000.000000
13 0.186192 0.186192 0.169315 444796.900002 2388921.000000 0.203693 0.282417 1000000.000000
14 0.344280 0.344280 0.204856 824353.150001 2394429.000000 0.201857 0.412763 1000000.000000
15 0.329198 0.329198 0.213230 787632.500000 2392578.000000 0.202474 0.423625 1000000.000000
16 0.383284 0.383284 0.206853 947411.549999 2471824.000000 0.176059 0.406653 1000000.000000
17 0.303366 0.303366 0.179444 787685.500001 2596490.000000 0.134503 0.434487 1000000.000000
18 0.182622 0.182622 0.176866 472572.149999 2587703.000000 0.137432 0.248473 1000000.000000
19 0.111250 0.111250 0.071311 120631.750001 1084326.000000 0.638558 0.137135 1000000.000000

# Correlation H vs rho: r=0.3822875496655129, p=0.09622442070127467


# Test Output
This is job 51
51

Total neutral sequences found: 1000000
MFE Structure: .((((((......)))))).
Time taken: 4451.343929767609 seconds
