# site H_mean H_mean_from_array H_std_from_array H_total n_non_neutral rho_mean e_val f_q
0 0.147119 0.147119 0.139043 370250.523810 2516682.000000 0.161106 0.227590 1000000.000000
1 0.266371 0.266371 0.176365 671637.476192 2521433.000000 0.159522 0.339775 1000000.000000
2 0.359837 0.359837 0.218711 855880.761911 2378525.000000 0.207158 0.391841 1000000.000000
3 0.385978 0.385978 0.229356 948880.952386 2458380.000000 0.180540 0.456790 1000000.000000
4 0.343706 0.343706 0.246958 839971.809527 2443866.000000 0.185378 0.402040 1000000.000000
5 0.330708 0.330708 0.224909 835533.761907 2526502.000000 0.157833 0.352657 1000000.000000
6 0.210572 0.210572 0.188041 528754.619049 2511035.000000 0.162988 0.357488 1000000.000000
7 0.134362 0.134362 0.080285 204550.904760 1522389.000000 0.492537 0.166398 1000000.000000
8 0.200979 0.200979 0.177746 45182.190476 224811.000000 0.925063 0.111648 1000000.000000
9 0.366873 0.366873 0.245547 35721.285714 97367.000000 0.967544 0.145464 1000000.000000
10 0.540011 0.540011 0.188837 34932.238095 64688.000000 0.978437 0.143854 1000000.000000
11 0.447026 0.447026 0.218488 48229.190476 107889.000000 0.964037 0.129361 1000000.000000
12 0.232182 0.232182 0.203409 71245.428571 306851.000000 0.897716 0.129361 1000000.000000
13 0.140863 0.140863 0.091959 213510.571427 1515732.000000 0.494756 0.143854 1000000.000000
14 0.209851 0.209851 0.185417 531403.285716 2532284.000000 0.155905 0.367687 1000000.000000
15 0.296688 0.296688 0.217339 749594.714286 2526540.000000 0.157820 0.347826 1000000.000000
16 0.383545 0.383545 0.245119 938069.857149 2445786.000000 0.184738 0.382716 1000000.000000
17 0.362655 0.362655 0.232574 890331.714288 2455037.000000 0.181654 0.463768 1000000.000000
18 0.322721 0.322721 0.210459 766201.238096 2374189.000000 0.208604 0.397746 1000000.000000
19 0.291618 0.291618 0.180166 736578.619049 2525837.000000 0.158054 0.319914 1000000.000000
20 0.146279 0.146279 0.134822 365196.142857 2496574.000000 0.167809 0.231884 1000000.000000

# Correlation H vs rho: r=0.2524826523044814, p=0.2695135816779954


# Test Output
This is job 2
2

Total neutral sequences found: 1000000
MFE Structure: (((((((.......)))))))
Time taken: 5386.260395050049 seconds
