# site H_mean H_mean_from_array H_std_from_array H_total n_non_neutral rho_mean e_val f_q
0 0.574736 0.574736 0.109254 177532.607143 308894.000000 0.897035 0.122498 1000000.000000
1 0.530480 0.530480 0.145498 276675.642857 521557.000000 0.826148 0.165888 1000000.000000
2 0.333716 0.333716 0.187119 887057.107144 2658122.000000 0.113959 0.287794 1000000.000000
3 0.382149 0.382149 0.148358 1090286.250004 2853037.000000 0.048988 0.279874 1000000.000000
4 0.392037 0.392037 0.159286 1068044.178575 2724345.000000 0.091885 0.277367 1000000.000000
5 0.372975 0.372975 0.167660 1032784.500005 2769048.000000 0.076984 0.268179 1000000.000000
6 0.326132 0.326132 0.201681 554184.821429 1699263.000000 0.433579 0.152045 1000000.000000
7 0.409726 0.409726 0.164613 445566.571430 1087474.000000 0.637509 0.157582 1000000.000000
8 0.392216 0.392216 0.144361 456943.142859 1165028.000000 0.611657 0.153353 1000000.000000
9 0.387810 0.387810 0.130125 450296.964287 1161128.000000 0.612957 0.140006 1000000.000000
10 0.297262 0.297262 0.122397 515634.928573 1734616.000000 0.421795 0.110073 1000000.000000
11 0.348748 0.348748 0.164982 965640.392858 2768880.000000 0.077040 0.271554 1000000.000000
12 0.441234 0.441234 0.153013 1221333.000001 2767996.000000 0.077335 0.289117 1000000.000000
13 0.404571 0.404571 0.167289 1093848.607145 2703728.000000 0.098757 0.304503 1000000.000000
14 0.389597 0.389597 0.193197 1088392.107144 2793639.000000 0.068787 0.262049 1000000.000000
15 0.246665 0.246665 0.222177 453098.428570 1836899.000000 0.387700 0.166398 1000000.000000
16 0.554987 0.554987 0.130437 366697.785714 660732.000000 0.779756 0.156219 1000000.000000
17 0.542105 0.542105 0.131070 387383.535714 714591.000000 0.761803 0.162500 1000000.000000
18 0.491859 0.491859 0.149854 400591.964286 814444.000000 0.728519 0.157100 1000000.000000
19 0.241229 0.241229 0.216306 435534.964284 1805483.000000 0.398172 0.171867 1000000.000000
20 0.322529 0.322529 0.176941 900043.642857 2790585.000000 0.069805 0.261650 1000000.000000
21 0.426152 0.426152 0.146425 1158737.500002 2719072.000000 0.093643 0.317768 1000000.000000
22 0.377254 0.377254 0.160101 1043353.035716 2765652.000000 0.078116 0.283469 1000000.000000
23 0.325646 0.325646 0.179252 891631.642857 2738036.000000 0.087321 0.300123 1000000.000000
24 0.312175 0.312175 0.149019 877842.321431 2812023.000000 0.062659 0.232516 1000000.000000
25 0.385008 0.385008 0.147802 1052326.285718 2733256.000000 0.088915 0.304448 1000000.000000
26 0.376350 0.376350 0.139656 1070214.571432 2843666.000000 0.052111 0.233632 1000000.000000
27 0.269596 0.269596 0.193312 700921.821429 2599900.000000 0.133367 0.198025 1000000.000000

# Correlation H vs rho: r=0.5902052044217533, p=0.0009463359007802664


# Test Output
This is job 3
3

Total neutral sequences found: 1000000
MFE Structure: ..((((.....((((.....))))))))
Time taken: 28673.597496509552 seconds
