# site H_mean H_mean_from_array H_std_from_array H_total n_non_neutral rho_mean e_val f_q
0 0.242212 0.242212 0.149280 152917.400000 631336.000000 0.789555 0.119858 1000000.000000
1 0.171596 0.171596 0.121583 318592.440000 1856647.000000 0.381118 0.197200 1000000.000000
2 0.296258 0.296258 0.165931 843409.439999 2846871.000000 0.051043 0.457499 1000000.000000
3 0.372663 0.372663 0.132868 1049326.319998 2815750.000000 0.061417 0.507707 1000000.000000
4 0.377619 0.377619 0.131552 1060790.719999 2809155.000000 0.063615 0.507922 1000000.000000
5 0.333281 0.333281 0.150753 919348.920000 2758477.000000 0.080508 0.449069 1000000.000000
6 0.197290 0.197290 0.121741 407675.840000 2066379.000000 0.311207 0.262021 1000000.000000
7 0.174141 0.174141 0.140818 401635.240000 2306383.000000 0.231206 0.279249 1000000.000000
8 0.246311 0.246311 0.174773 738616.279996 2998712.000000 0.000429 0.325981 1000000.000000
9 0.310870 0.310870 0.173738 434829.520000 1398749.000000 0.533750 0.303092 1000000.000000
10 0.468346 0.468346 0.145123 248248.520000 530054.000000 0.823315 0.232487 1000000.000000
11 0.460168 0.460168 0.157258 279675.720000 607769.000000 0.797410 0.201015 1000000.000000
12 0.347958 0.347958 0.187650 407002.920000 1169691.000000 0.610103 0.241532 1000000.000000
13 0.218156 0.218156 0.168112 654288.599996 2999171.000000 0.000276 0.301554 1000000.000000
14 0.178741 0.178741 0.154619 411385.759999 2301571.000000 0.232810 0.228734 1000000.000000
15 0.204207 0.204207 0.136543 422862.199999 2070751.000000 0.309750 0.254299 1000000.000000
16 0.342133 0.342133 0.147464 918009.479999 2683198.000000 0.105601 0.410675 1000000.000000
17 0.384379 0.384379 0.124867 1083887.079998 2819837.000000 0.060054 0.465467 1000000.000000
18 0.378952 0.378952 0.128314 1070637.759998 2825257.000000 0.058248 0.434610 1000000.000000
19 0.318052 0.318052 0.168657 901510.359998 2834472.000000 0.055176 0.395816 1000000.000000
20 0.195156 0.195156 0.167376 359928.999999 1844314.000000 0.385229 0.231072 1000000.000000
21 0.385309 0.385309 0.205233 323053.360000 838426.000000 0.720525 0.246178 1000000.000000
22 0.426250 0.426250 0.206436 269188.680000 631528.000000 0.789491 0.260452 1000000.000000
23 0.513087 0.513087 0.169086 174897.000000 340872.000000 0.886376 0.244485 1000000.000000
24 0.546430 0.546430 0.152915 66897.280000 122426.000000 0.959191 0.164529 1000000.000000

# Correlation H vs rho: r=0.5064998718078815, p=0.009775973984184642


# Test Output
This is job 30
30

Total neutral sequences found: 1000000
MFE Structure: ..((((..(....)..)))).....
Time taken: 16498.748520851135 seconds
