# site H_mean H_mean_from_array H_std_from_array H_total n_non_neutral rho_mean e_val f_q
0 0.644635 0.644635 0.127206 150972.142857 234198.000000 0.921934 0.311016 1000000.000000
1 0.650734 0.650734 0.127616 250642.428571 385169.000000 0.871610 0.407552 1000000.000000
2 0.648117 0.648117 0.131500 316276.571428 487993.000000 0.837336 0.435448 1000000.000000
3 0.644410 0.644410 0.141399 337978.619047 524478.000000 0.825174 0.436616 1000000.000000
4 0.619131 0.619131 0.162904 331048.523809 534699.000000 0.821767 0.424290 1000000.000000
5 0.559514 0.559514 0.182573 312453.714285 558438.000000 0.813854 0.413131 1000000.000000
6 0.496691 0.496691 0.175947 288022.333333 579882.000000 0.806706 0.458674 1000000.000000
7 0.296473 0.296473 0.202742 770803.761907 2599914.000000 0.133362 0.597639 1000000.000000
8 0.428193 0.428193 0.146634 1183499.619046 2763940.000000 0.078687 0.688465 1000000.000000
9 0.431200 0.431200 0.156817 1146529.190476 2658924.000000 0.113692 0.717659 1000000.000000
10 0.351354 0.351354 0.202093 952706.761905 2711527.000000 0.096158 0.638251 1000000.000000
11 0.205934 0.205934 0.212383 349623.619050 1697745.000000 0.434085 0.439081 1000000.000000
12 0.590177 0.590177 0.245101 248538.285714 421125.000000 0.859625 0.328273 1000000.000000
13 0.663529 0.663529 0.154297 272442.285714 410596.000000 0.863135 0.417283 1000000.000000
14 0.608550 0.608550 0.175046 291305.380952 478688.000000 0.840437 0.439600 1000000.000000
15 0.488736 0.488736 0.213164 307868.238095 629928.000000 0.790024 0.415856 1000000.000000
16 0.208771 0.208771 0.198089 366923.333335 1757536.000000 0.414155 0.457376 1000000.000000
17 0.336044 0.336044 0.213843 912019.809526 2713993.000000 0.095336 0.668483 1000000.000000
18 0.409839 0.409839 0.156298 1094476.238093 2670506.000000 0.109831 0.663682 1000000.000000
19 0.435274 0.435274 0.147867 1198461.904762 2753353.000000 0.082216 0.717530 1000000.000000
20 0.265532 0.265532 0.204201 670438.523812 2524885.000000 0.158372 0.593486 1000000.000000

# Correlation H vs rho: r=0.7756889894892746, p=3.600810101239249e-05


# Test Output
This is job 80
80

Total neutral sequences found: 1000000
MFE Structure: .......((((......))))
Time taken: 6273.612966775894 seconds
