# site H_mean H_mean_from_array H_std_from_array H_total n_non_neutral rho_mean e_val f_q
0 0.271383 0.271383 0.119355 814150.166659 3000000.000000 0.000000 0.643908 1000000.000000
1 0.289711 0.289711 0.119277 869132.499993 3000000.000000 0.000000 0.663331 1000000.000000
2 0.408571 0.408571 0.142371 542973.500000 1328959.000000 0.557014 0.661566 1000000.000000
3 0.525496 0.525496 0.106227 368027.166667 700343.000000 0.766552 0.559152 1000000.000000
4 0.566327 0.566327 0.086453 295058.166667 521003.000000 0.826332 0.583873 1000000.000000
5 0.432158 0.432158 0.168991 339233.555556 784976.000000 0.738341 0.665686 1000000.000000
6 0.315676 0.315676 0.148045 947027.166660 3000000.000000 0.000000 0.759859 1000000.000000
7 0.305801 0.305801 0.136363 917404.111104 3000000.000000 0.000000 0.810477 1000000.000000
8 0.233633 0.233633 0.137272 357797.666669 1531450.000000 0.489517 0.662154 1000000.000000
9 0.393545 0.393545 0.123963 197178.611111 501032.000000 0.832989 0.323131 1000000.000000
10 0.430103 0.430103 0.125225 269278.944445 626080.000000 0.791307 0.429665 1000000.000000
11 0.472178 0.472178 0.126545 332369.722222 703907.000000 0.765364 0.532666 1000000.000000
12 0.498831 0.498831 0.120224 387737.388889 777292.000000 0.740903 0.563861 1000000.000000
13 0.511107 0.511107 0.112709 402036.111111 786599.000000 0.737800 0.582107 1000000.000000
14 0.508242 0.508242 0.112930 402272.333334 791497.000000 0.736168 0.591524 1000000.000000
15 0.496111 0.496111 0.118200 363877.333333 733460.000000 0.755513 0.579753 1000000.000000
16 0.496566 0.496566 0.118425 252918.000000 509334.000000 0.830222 0.516775 1000000.000000
17 0.490528 0.490528 0.119408 92193.333333 187947.000000 0.937351 0.379635 1000000.000000

# Correlation H vs rho: r=0.8119432273067821, p=4.278393481601419e-05


# Test Output
This is job 37
37

Total neutral sequences found: 1000000
MFE Structure: ((....))..........
Time taken: 3205.55287361145 seconds
