# site H_mean H_mean_from_array H_std_from_array H_total n_non_neutral rho_mean e_val f_q
0 0.394955 0.394955 0.127640 153268.307692 388065.000000 0.870645 0.172122 1000000.000000
1 0.387255 0.387255 0.125803 269813.307692 696733.000000 0.767756 0.238943 1000000.000000
2 0.375427 0.375427 0.124367 344734.923077 918247.000000 0.693918 0.255409 1000000.000000
3 0.361287 0.361287 0.126517 373532.500000 1033895.000000 0.655368 0.259687 1000000.000000
4 0.341805 0.341805 0.128899 357474.230769 1045843.000000 0.651386 0.258172 1000000.000000
5 0.314963 0.314963 0.130869 336436.846154 1068179.000000 0.643940 0.256322 1000000.000000
6 0.288611 0.288611 0.133415 322874.807693 1118718.000000 0.627094 0.260667 1000000.000000
7 0.189274 0.189274 0.128761 373432.346156 1972968.000000 0.342344 0.265212 1000000.000000
8 0.276595 0.276595 0.136224 814093.384612 2943270.000000 0.018910 0.389898 1000000.000000
9 0.301541 0.301541 0.120858 884842.115381 2934403.000000 0.021866 0.399189 1000000.000000
10 0.286364 0.286364 0.135584 841979.346151 2940240.000000 0.019920 0.402219 1000000.000000
11 0.197435 0.197435 0.168289 370443.423081 1876279.000000 0.374574 0.245761 1000000.000000
12 0.413270 0.413270 0.153623 291481.230770 705305.000000 0.764898 0.183173 1000000.000000
13 0.488815 0.488815 0.091402 244444.615385 500076.000000 0.833308 0.188075 1000000.000000
14 0.443678 0.443678 0.147031 214014.961539 482366.000000 0.839211 0.208084 1000000.000000
15 0.170698 0.170698 0.159263 293782.076926 1721059.000000 0.426314 0.280141 1000000.000000
16 0.286903 0.286903 0.141945 845490.923076 2946955.000000 0.017682 0.467726 1000000.000000
17 0.304303 0.304303 0.128034 893007.576921 2934602.000000 0.021799 0.507119 1000000.000000
18 0.278967 0.278967 0.141644 816843.846152 2928099.000000 0.023967 0.500836 1000000.000000
19 0.188733 0.188733 0.126178 370205.923079 1961536.000000 0.346155 0.275016 1000000.000000
20 0.298577 0.298577 0.126121 349392.923077 1170193.000000 0.609936 0.256612 1000000.000000
21 0.315668 0.315668 0.123029 382969.538462 1213204.000000 0.595599 0.248969 1000000.000000
22 0.335406 0.335406 0.118971 381453.961538 1137291.000000 0.620903 0.246986 1000000.000000
23 0.342290 0.342290 0.119358 338971.769231 990306.000000 0.669898 0.232637 1000000.000000
24 0.349352 0.349352 0.121411 238790.461538 683523.000000 0.772159 0.191061 1000000.000000
25 0.360290 0.360290 0.124413 92545.538461 256864.000000 0.914379 0.121878 1000000.000000

# Correlation H vs rho: r=0.6144695851647625, p=0.000838563194175217


# Test Output
This is job 64
64

Total neutral sequences found: 1000000
MFE Structure: ........(((.....))).......
Time taken: 19385.173718452454 seconds
