# site H_mean H_mean_from_array H_std_from_array H_total n_non_neutral rho_mean e_val f_q
0 0.429676 0.429676 0.085688 186840.000000 434839.000000 0.855054 0.249132 1000000.000000
1 0.337393 0.337393 0.137856 903867.727270 2678973.000000 0.107009 0.429485 1000000.000000
2 0.369237 0.369237 0.094190 1070662.636364 2899661.000000 0.033446 0.454356 1000000.000000
3 0.380264 0.380264 0.100253 1036801.272728 2726527.000000 0.091158 0.425733 1000000.000000
4 0.185484 0.185484 0.146414 486689.272726 2623884.000000 0.125372 0.293178 1000000.000000
5 0.300554 0.300554 0.158266 869234.818180 2892111.000000 0.035963 0.378769 1000000.000000
6 0.215825 0.215825 0.140500 548574.272727 2541755.000000 0.152748 0.287342 1000000.000000
7 0.296640 0.296640 0.142955 403155.272727 1359073.000000 0.546976 0.199250 1000000.000000
8 0.316848 0.316848 0.141489 401881.090909 1268370.000000 0.577210 0.180770 1000000.000000
9 0.384210 0.384210 0.129202 358613.727273 933380.000000 0.688873 0.174934 1000000.000000
10 0.436729 0.436729 0.088009 343810.181819 787239.000000 0.737587 0.203696 1000000.000000
11 0.452347 0.452347 0.070488 343459.181819 759282.000000 0.746906 0.225650 1000000.000000
12 0.443257 0.443257 0.087643 352598.909092 795473.000000 0.734842 0.243991 1000000.000000
13 0.396429 0.396429 0.129820 367139.636364 926117.000000 0.691294 0.236765 1000000.000000
14 0.326244 0.326244 0.145492 398998.818182 1223009.000000 0.592330 0.219258 1000000.000000
15 0.313546 0.313546 0.146850 404380.545455 1289701.000000 0.570100 0.223287 1000000.000000
16 0.208159 0.208159 0.138990 484202.272728 2326118.000000 0.224627 0.277060 1000000.000000
17 0.290473 0.290473 0.147623 843869.999999 2905162.000000 0.031613 0.417674 1000000.000000
18 0.181491 0.181491 0.147086 479373.909090 2641316.000000 0.119561 0.307767 1000000.000000
19 0.350391 0.350391 0.107877 983194.818182 2805990.000000 0.064670 0.468251 1000000.000000
20 0.389919 0.389919 0.082177 1127910.181818 2892678.000000 0.035774 0.360428 1000000.000000
21 0.306888 0.306888 0.148028 808185.181817 2633482.000000 0.122173 0.334723 1000000.000000

# Correlation H vs rho: r=0.5548224643729921, p=0.0073620888635245775


# Test Output
This is job 53
53

Total neutral sequences found: 1000000
MFE Structure: .(((.(...........).)))
Time taken: 6465.77875828743 seconds
