# site H_mean H_mean_from_array H_std_from_array H_total n_non_neutral rho_mean e_val f_q
0 0.213692 0.213692 0.185200 590744.307695 2764469.000000 0.078510 0.258161 1000000.000000
1 0.250649 0.250649 0.189511 658388.076925 2626729.000000 0.124424 0.282199 1000000.000000
2 0.120854 0.120854 0.119243 240053.500001 1986318.000000 0.337894 0.142107 1000000.000000
3 0.283789 0.283789 0.216993 714906.076925 2519148.000000 0.160284 0.347784 1000000.000000
4 0.376902 0.376902 0.218245 936151.153846 2483803.000000 0.172066 0.417652 1000000.000000
5 0.398785 0.398785 0.228950 983201.076923 2465492.000000 0.178169 0.411752 1000000.000000
6 0.383610 0.383610 0.191321 1006458.653846 2623653.000000 0.125449 0.447799 1000000.000000
7 0.294936 0.294936 0.252303 735584.846157 2494049.000000 0.168650 0.336489 1000000.000000
8 0.186181 0.186181 0.196265 291300.884619 1564615.000000 0.478462 0.164424 1000000.000000
9 0.547490 0.547490 0.161918 184510.192308 337011.000000 0.887663 0.163920 1000000.000000
10 0.607785 0.607785 0.152130 170086.192308 279846.000000 0.906718 0.154116 1000000.000000
11 0.607073 0.607073 0.176311 158190.423077 260579.000000 0.913140 0.121575 1000000.000000
12 0.156582 0.156582 0.197630 222008.192310 1417840.000000 0.527387 0.124850 1000000.000000
13 0.325091 0.325091 0.249736 835014.538464 2568556.000000 0.143815 0.321059 1000000.000000
14 0.368603 0.368603 0.203336 965198.846154 2618535.000000 0.127155 0.364810 1000000.000000
15 0.435587 0.435587 0.207218 1075329.230770 2468688.000000 0.177104 0.384523 1000000.000000
16 0.404698 0.404698 0.199376 1007316.730769 2489056.000000 0.170315 0.389730 1000000.000000
17 0.295047 0.295047 0.214872 725983.538463 2460566.000000 0.179811 0.323557 1000000.000000
18 0.131210 0.131210 0.139121 255558.038462 1947704.000000 0.350765 0.148196 1000000.000000
19 0.257325 0.257325 0.195616 674363.076924 2620666.000000 0.126445 0.279092 1000000.000000
20 0.249966 0.249966 0.205094 691981.153847 2768297.000000 0.077234 0.268343 1000000.000000
21 0.395092 0.395092 0.253540 247462.384616 626341.000000 0.791220 0.153759 1000000.000000
22 0.532884 0.532884 0.202103 201141.461539 377458.000000 0.874181 0.155606 1000000.000000
23 0.591628 0.591628 0.169997 167424.153846 282989.000000 0.905670 0.160267 1000000.000000
24 0.625695 0.625695 0.162088 113223.846154 180957.000000 0.939681 0.144459 1000000.000000
25 0.654448 0.654448 0.149851 42104.538462 64336.000000 0.978555 0.097453 1000000.000000

# Correlation H vs rho: r=0.7144556055238742, p=4.131348295876873e-05


# Test Output
This is job 97
97

Total neutral sequences found: 1000000
MFE Structure: ((.(((((.....))))).)).....
Time taken: 18309.616023540497 seconds
