# site H_mean H_mean_from_array H_std_from_array H_total n_non_neutral rho_mean e_val f_q
0 0.258166 0.258166 0.209492 661340.047623 2561684.000000 0.146105 0.231058 1000000.000000
1 0.367834 0.367834 0.198656 1008870.857143 2742737.000000 0.085754 0.279070 1000000.000000
2 0.312843 0.312843 0.221380 901779.666667 2882532.000000 0.039156 0.276069 1000000.000000
3 0.146570 0.146570 0.114936 290428.857142 1981499.000000 0.339500 0.114779 1000000.000000
4 0.320021 0.320021 0.207728 872256.904765 2725622.000000 0.091459 0.423106 1000000.000000
5 0.501163 0.501163 0.196514 1298824.714287 2591620.000000 0.136127 0.323706 1000000.000000
6 0.410633 0.410633 0.197654 1065044.857144 2593667.000000 0.135444 0.433983 1000000.000000
7 0.196151 0.196151 0.207884 542619.000004 2766330.000000 0.077890 0.268192 1000000.000000
8 0.550380 0.550380 0.170578 122014.952381 221692.000000 0.926103 0.150413 1000000.000000
9 0.603566 0.603566 0.166980 118269.333334 195951.000000 0.934683 0.145536 1000000.000000
10 0.449998 0.449998 0.250163 109398.476191 243109.000000 0.918964 0.115529 1000000.000000
11 0.167331 0.167331 0.178600 464095.666671 2773527.000000 0.075491 0.231433 1000000.000000
12 0.437856 0.437856 0.195206 1133327.523810 2588359.000000 0.137214 0.325956 1000000.000000
13 0.429623 0.429623 0.213514 1108982.523811 2581293.000000 0.139569 0.343586 1000000.000000
14 0.301371 0.301371 0.232769 823066.666668 2731078.000000 0.089641 0.315829 1000000.000000
15 0.260874 0.260874 0.220564 742138.000000 2844815.000000 0.051728 0.309827 1000000.000000
16 0.340304 0.340304 0.196510 939501.238094 2760772.000000 0.079743 0.399850 1000000.000000
17 0.270896 0.270896 0.217417 684613.857147 2527218.000000 0.157594 0.337209 1000000.000000
18 0.239336 0.239336 0.179724 218857.476189 914435.000000 0.695188 0.162416 1000000.000000
19 0.437322 0.437322 0.239414 93322.761905 213396.000000 0.928868 0.136159 1000000.000000
20 0.586797 0.586797 0.191437 35795.190476 61001.000000 0.979666 0.119280 1000000.000000

# Correlation H vs rho: r=0.5989037721536741, p=0.004121388609556568


# Test Output
This is job 67
67

Total neutral sequences found: 1000000
MFE Structure: (((.((((...)))))))...
Time taken: 5242.5824406147 seconds
