# site H_mean H_mean_from_array H_std_from_array H_total n_non_neutral rho_mean e_val f_q
0 0.084744 0.084744 0.065460 213882.923078 2523877.000000 0.158708 0.078021 1000000.000000
1 0.165106 0.165106 0.104855 413157.461538 2502384.000000 0.165872 0.133749 1000000.000000
2 0.167318 0.167318 0.138652 389927.653847 2330452.000000 0.223183 0.210432 1000000.000000
3 0.147693 0.147693 0.154659 344156.230771 2330211.000000 0.223263 0.216897 1000000.000000
4 0.126366 0.126366 0.149456 294634.884616 2331601.000000 0.222800 0.236959 1000000.000000
5 0.124898 0.124898 0.132469 291017.000001 2330040.000000 0.223320 0.191039 1000000.000000
6 0.113891 0.113891 0.131930 265801.384615 2333825.000000 0.222058 0.144895 1000000.000000
7 0.139344 0.139344 0.144323 326097.615386 2340230.000000 0.219923 0.140883 1000000.000000
8 0.123651 0.123651 0.120335 289858.269232 2344164.000000 0.218612 0.123495 1000000.000000
9 0.160014 0.160014 0.097971 375609.346153 2347359.000000 0.217547 0.147793 1000000.000000
10 0.095836 0.095836 0.080255 242402.115386 2529349.000000 0.156884 0.135979 1000000.000000
11 0.115782 0.115782 0.127791 33473.923077 289112.000000 0.903629 0.051048 1000000.000000
12 0.673013 0.673013 0.190584 6926.653846 10292.000000 0.996569 0.045698 1000000.000000
13 0.712255 0.712255 0.154027 8204.461538 11519.000000 0.996160 0.042800 1000000.000000
14 0.121069 0.121069 0.148639 26761.384615 221042.000000 0.926319 0.047481 1000000.000000
15 0.089905 0.089905 0.062934 227387.192308 2529188.000000 0.156937 0.083370 1000000.000000
16 0.153567 0.153567 0.085118 360881.384615 2349989.000000 0.216670 0.119260 1000000.000000
17 0.139124 0.139124 0.133986 325989.192309 2343152.000000 0.218949 0.131074 1000000.000000
18 0.116953 0.116953 0.124299 273972.461539 2342592.000000 0.219136 0.108114 1000000.000000
19 0.131160 0.131160 0.145511 306226.730771 2334754.000000 0.221749 0.175435 1000000.000000
20 0.138455 0.138455 0.147436 322745.153848 2331047.000000 0.222984 0.234284 1000000.000000
21 0.137434 0.137434 0.162919 320297.769232 2330565.000000 0.223145 0.266161 1000000.000000
22 0.164475 0.164475 0.174218 383672.115387 2332706.000000 0.222431 0.262149 1000000.000000
23 0.185830 0.185830 0.154693 433455.769235 2332537.000000 0.222488 0.229826 1000000.000000
24 0.164659 0.164659 0.110790 412212.346154 2503427.000000 0.165524 0.171422 1000000.000000
25 0.086898 0.086898 0.061709 215168.269230 2476114.000000 0.174629 0.082702 1000000.000000

# Correlation H vs rho: r=0.6927106578581911, p=8.784060913185714e-05


# Test Output
This is job 99
99

Total neutral sequences found: 1000000
MFE Structure: (((((((((((....)))))))))))
Time taken: 11977.02405834198 seconds
