# site H_mean H_mean_from_array H_std_from_array H_total n_non_neutral rho_mean e_val f_q
0 0.354901 0.354901 0.196606 188779.517241 531921.000000 0.822693 0.105159 1000000.000000
1 0.260601 0.260601 0.180267 716517.724132 2749478.000000 0.083507 0.173840 1000000.000000
2 0.271660 0.271660 0.168666 813895.827582 2996014.000000 0.001329 0.184580 1000000.000000
3 0.191518 0.191518 0.163237 452574.931034 2363094.000000 0.212302 0.127284 1000000.000000
4 0.204581 0.204581 0.165922 428387.103447 2093975.000000 0.302008 0.132443 1000000.000000
5 0.337977 0.337977 0.154636 884298.620689 2616444.000000 0.127852 0.230672 1000000.000000
6 0.340022 0.340022 0.155821 938136.689653 2759043.000000 0.080319 0.257169 1000000.000000
7 0.286750 0.286750 0.151687 775148.517238 2703217.000000 0.098928 0.196303 1000000.000000
8 0.192085 0.192085 0.193963 549791.275860 2862229.000000 0.045924 0.214942 1000000.000000
9 0.291570 0.291570 0.214893 835712.862066 2866250.000000 0.044583 0.279407 1000000.000000
10 0.357003 0.357003 0.210199 978327.103448 2740386.000000 0.086538 0.288656 1000000.000000
11 0.247394 0.247394 0.225176 638216.999999 2579764.000000 0.140079 0.208968 1000000.000000
12 0.387937 0.387937 0.258043 271860.034483 700784.000000 0.766405 0.128212 1000000.000000
13 0.585502 0.585502 0.198799 200608.172414 342626.000000 0.885791 0.101982 1000000.000000
14 0.624748 0.624748 0.148063 202870.103448 324723.000000 0.891759 0.110978 1000000.000000
15 0.472755 0.472755 0.228325 240516.931034 508756.000000 0.830415 0.131333 1000000.000000
16 0.271403 0.271403 0.246667 709482.413790 2614130.000000 0.128623 0.235957 1000000.000000
17 0.379040 0.379040 0.232343 1037421.620690 2736974.000000 0.087675 0.285803 1000000.000000
18 0.397425 0.397425 0.224194 1139385.620690 2866919.000000 0.044360 0.296767 1000000.000000
19 0.260232 0.260232 0.221762 742725.896551 2854089.000000 0.048637 0.238206 1000000.000000
20 0.259409 0.259409 0.124307 443216.034482 1708560.000000 0.430480 0.090132 1000000.000000
21 0.230264 0.230264 0.150882 334930.827586 1454550.000000 0.515150 0.083905 1000000.000000
22 0.297049 0.297049 0.159798 796138.758620 2680160.000000 0.106613 0.217459 1000000.000000
23 0.376166 0.376166 0.154727 1035898.310344 2753831.000000 0.082056 0.272856 1000000.000000
24 0.363420 0.363420 0.182114 971996.034480 2674584.000000 0.108472 0.251715 1000000.000000
25 0.205486 0.205486 0.171766 415551.172412 2022285.000000 0.325905 0.136154 1000000.000000
26 0.169784 0.169784 0.171865 386872.724137 2278615.000000 0.240462 0.146514 1000000.000000
27 0.294234 0.294234 0.175835 881378.965508 2995504.000000 0.001499 0.168836 1000000.000000
28 0.228989 0.228989 0.179154 619237.758616 2704224.000000 0.098592 0.150450 1000000.000000

# Correlation H vs rho: r=0.5851375547520836, p=0.0008556742967758347


# Test Output
This is job 69
69

Total neutral sequences found: 1000000
MFE Structure: .((..(((((((....))))..)))..))
Time taken: 29962.00933599472 seconds
