# site H_mean H_mean_from_array H_std_from_array H_total n_non_neutral rho_mean e_val f_q
0 0.295528 0.295528 0.173102 879043.599997 2974487.000000 0.008504 0.526530 1000000.000000
1 0.355120 0.355120 0.151954 1045323.639997 2943581.000000 0.018806 0.547675 1000000.000000
2 0.325770 0.325770 0.172557 965584.839998 2964012.000000 0.011996 0.526099 1000000.000000
3 0.192187 0.192187 0.157741 429427.799999 2234428.000000 0.255191 0.318723 1000000.000000
4 0.414420 0.414420 0.196927 343757.120000 829489.000000 0.723504 0.309966 1000000.000000
5 0.496569 0.496569 0.162057 359748.560000 724468.000000 0.758511 0.317165 1000000.000000
6 0.544921 0.544921 0.133029 367251.400000 673954.000000 0.775349 0.327379 1000000.000000
7 0.557138 0.557138 0.132420 360785.040000 647568.000000 0.784144 0.333244 1000000.000000
8 0.465099 0.465099 0.206543 382286.280000 821946.000000 0.726018 0.311217 1000000.000000
9 0.207313 0.207313 0.189272 450335.559998 2172248.000000 0.275917 0.284698 1000000.000000
10 0.310704 0.310704 0.173491 921582.679996 2966108.000000 0.011297 0.417499 1000000.000000
11 0.351570 0.351570 0.156031 1035148.919997 2944363.000000 0.018546 0.433927 1000000.000000
12 0.334565 0.334565 0.163952 994978.679998 2973946.000000 0.008685 0.429046 1000000.000000
13 0.333688 0.333688 0.174181 398212.400000 1193369.000000 0.602210 0.271899 1000000.000000
14 0.375218 0.375218 0.169466 299741.400000 798845.000000 0.733718 0.196792 1000000.000000
15 0.442901 0.442901 0.160287 302797.880000 683670.000000 0.772110 0.256640 1000000.000000
16 0.485162 0.485162 0.157124 338706.320000 698130.000000 0.767290 0.303321 1000000.000000
17 0.515763 0.515763 0.139606 379380.360000 735571.000000 0.754810 0.320713 1000000.000000
18 0.529827 0.529827 0.122615 413491.880000 780428.000000 0.739857 0.325615 1000000.000000
19 0.523584 0.523584 0.122055 440782.280000 841856.000000 0.719381 0.334208 1000000.000000
20 0.513395 0.513395 0.130750 449625.600000 875789.000000 0.708070 0.336731 1000000.000000
21 0.498384 0.498384 0.142044 444530.720000 891945.000000 0.702685 0.332752 1000000.000000
22 0.483784 0.483784 0.156242 389520.120000 805153.000000 0.731616 0.329676 1000000.000000
23 0.480558 0.480558 0.160315 275812.120000 573941.000000 0.808686 0.288492 1000000.000000
24 0.479906 0.479906 0.165304 106554.120000 222031.000000 0.925990 0.185368 1000000.000000

# Correlation H vs rho: r=0.7729665589603579, p=5.918751744416684e-06


# Test Output
This is job 47
47

Total neutral sequences found: 1000000
MFE Structure: (((.......)))............
Time taken: 20439.07746362686 seconds
