# site H_mean H_mean_from_array H_std_from_array H_total n_non_neutral rho_mean e_val f_q
0 0.096671 0.096671 0.095865 107633.230768 1113402.000000 0.628866 0.076795 1000000.000000
1 0.176509 0.176509 0.179021 436266.038464 2471640.000000 0.176120 0.209986 1000000.000000
2 0.278835 0.278835 0.186618 704854.192308 2527853.000000 0.157382 0.318059 1000000.000000
3 0.288980 0.288980 0.206781 727171.884616 2516344.000000 0.161219 0.394417 1000000.000000
4 0.302509 0.302509 0.212980 729869.692308 2412721.000000 0.195760 0.357636 1000000.000000
5 0.296155 0.296155 0.206612 716017.615384 2417715.000000 0.194095 0.334440 1000000.000000
6 0.277020 0.277020 0.186057 677157.038461 2444434.000000 0.185189 0.291630 1000000.000000
7 0.178940 0.178940 0.161541 438842.384617 2452456.000000 0.182515 0.212432 1000000.000000
8 0.134128 0.134128 0.099011 250145.576924 1864970.000000 0.378343 0.099161 1000000.000000
9 0.183386 0.183386 0.122547 200984.730769 1095967.000000 0.634678 0.088371 1000000.000000
10 0.202806 0.202806 0.143227 167175.923077 824313.000000 0.725229 0.098637 1000000.000000
11 0.299026 0.299026 0.191467 108986.730769 364473.000000 0.878509 0.106893 1000000.000000
12 0.447640 0.447640 0.178450 84563.192308 188909.000000 0.937030 0.107723 1000000.000000
13 0.476846 0.476846 0.167783 78557.923077 164745.000000 0.945085 0.099205 1000000.000000
14 0.318472 0.318472 0.196810 98574.961538 309525.000000 0.896825 0.096409 1000000.000000
15 0.208135 0.208135 0.148181 149438.500000 717990.000000 0.760670 0.085707 1000000.000000
16 0.175640 0.175640 0.121213 179414.769231 1021494.000000 0.659502 0.075354 1000000.000000
17 0.124137 0.124137 0.087224 226556.846154 1825048.000000 0.391651 0.079853 1000000.000000
18 0.192878 0.192878 0.167701 477820.000002 2477311.000000 0.174230 0.219291 1000000.000000
19 0.298886 0.298886 0.183527 731607.192308 2447784.000000 0.184072 0.297921 1000000.000000
20 0.321343 0.321343 0.201737 779226.346154 2424902.000000 0.191699 0.334789 1000000.000000
21 0.320815 0.320815 0.205985 776638.500000 2420833.000000 0.193056 0.355364 1000000.000000
22 0.295123 0.295123 0.203778 743777.000001 2520223.000000 0.159926 0.370304 1000000.000000
23 0.274707 0.274707 0.188210 690900.846153 2515044.000000 0.161652 0.346409 1000000.000000
24 0.158983 0.158983 0.169950 380402.346157 2392727.000000 0.202424 0.211559 1000000.000000
25 0.088721 0.088721 0.072067 97609.384615 1100186.000000 0.633271 0.062991 1000000.000000

# Correlation H vs rho: r=0.16462285036290808, p=0.4216066678609695


# Test Output
This is job 45
45

Total neutral sequences found: 1000000
MFE Structure: .(((((((..........))))))).
Time taken: 13517.594076633453 seconds
