# site H_mean H_mean_from_array H_std_from_array H_total n_non_neutral rho_mean e_val f_q
0 0.209428 0.209428 0.201298 526920.400001 2515998.000000 0.161334 0.277588 1000000.000000
1 0.307124 0.307124 0.211232 777765.950000 2532417.000000 0.155861 0.358854 1000000.000000
2 0.363888 0.363888 0.234866 899470.350000 2471834.000000 0.176055 0.375107 1000000.000000
3 0.356533 0.356533 0.243809 878248.349999 2463302.000000 0.178899 0.501283 1000000.000000
4 0.285169 0.285169 0.209056 679031.150002 2381157.000000 0.206281 0.473909 1000000.000000
5 0.181713 0.181713 0.186361 424598.650002 2336650.000000 0.221117 0.355004 1000000.000000
6 0.125718 0.125718 0.111192 168075.450002 1336927.000000 0.554358 0.165954 1000000.000000
7 0.508821 0.508821 0.267575 41676.550000 81908.000000 0.972697 0.163388 1000000.000000
8 0.674861 0.674861 0.168930 42621.550000 63156.000000 0.978948 0.156544 1000000.000000
9 0.687030 0.687030 0.180556 38023.700000 55345.000000 0.981552 0.116766 1000000.000000
10 0.121446 0.121446 0.111144 158152.950002 1302248.000000 0.565917 0.160393 1000000.000000
11 0.190346 0.190346 0.194909 457340.100002 2402675.000000 0.199108 0.293841 1000000.000000
12 0.324468 0.324468 0.221161 774470.600004 2386896.000000 0.204368 0.353721 1000000.000000
13 0.382150 0.382150 0.247692 942656.349998 2466719.000000 0.177760 0.403764 1000000.000000
14 0.336148 0.336148 0.233136 829147.400002 2466615.000000 0.177795 0.457656 1000000.000000
15 0.353987 0.353987 0.223162 898356.600000 2537826.000000 0.154058 0.331480 1000000.000000
16 0.218779 0.218779 0.203091 546846.750000 2499538.000000 0.166821 0.447391 1000000.000000
17 0.608313 0.608313 0.205845 62858.150000 103332.000000 0.965556 0.176647 1000000.000000
18 0.579262 0.579262 0.248725 41392.350000 71457.000000 0.976181 0.153122 1000000.000000
19 0.680141 0.680141 0.213238 18189.000000 26743.000000 0.991086 0.133875 1000000.000000

# Correlation H vs rho: r=0.761358712890083, p=9.647078402004835e-05


# Test Output
This is job 73
73

Total neutral sequences found: 1000000
MFE Structure: ((((((.....))))))...
Time taken: 4508.310743331909 seconds
