# site H_mean H_mean_from_array H_std_from_array H_total n_non_neutral rho_mean e_val f_q
0 0.136538 0.136538 0.102052 204967.157893 1501171.000000 0.499610 0.321991 1000000.000000
1 0.335305 0.335305 0.168304 911169.947370 2717437.000000 0.094188 0.497164 1000000.000000
2 0.369840 0.369840 0.155216 972585.631577 2629745.000000 0.123418 0.532451 1000000.000000
3 0.374555 0.374555 0.148502 1000161.842103 2670267.000000 0.109911 0.574039 1000000.000000
4 0.367870 0.367870 0.148308 1002884.578947 2726194.000000 0.091269 0.586641 1000000.000000
5 0.207632 0.207632 0.144431 396714.736843 1910664.000000 0.363112 0.356018 1000000.000000
6 0.372651 0.372651 0.203979 199896.789473 536418.000000 0.821194 0.292376 1000000.000000
7 0.493633 0.493633 0.176660 171906.578947 348248.000000 0.883917 0.313170 1000000.000000
8 0.563594 0.563594 0.118772 151411.105263 268653.000000 0.910449 0.291745 1000000.000000
9 0.530192 0.530192 0.150262 129306.526316 243886.000000 0.918705 0.224953 1000000.000000
10 0.300056 0.300056 0.207263 124476.736842 414845.000000 0.861718 0.152489 1000000.000000
11 0.171567 0.171567 0.112783 302423.894736 1762715.000000 0.412428 0.340265 1000000.000000
12 0.353329 0.353329 0.160583 961462.789475 2721155.000000 0.092948 0.536862 1000000.000000
13 0.369918 0.369918 0.156988 979894.526314 2648954.000000 0.117015 0.574039 1000000.000000
14 0.372096 0.372096 0.147136 985058.210523 2647322.000000 0.117559 0.551355 1000000.000000
15 0.354223 0.354223 0.161297 969432.631580 2736789.000000 0.087737 0.587272 1000000.000000
16 0.188030 0.188030 0.172848 306084.052632 1627848.000000 0.457384 0.335224 1000000.000000
17 0.469458 0.469458 0.197606 171822.526315 366002.000000 0.877999 0.313800 1000000.000000
18 0.529158 0.529158 0.186636 63001.052632 119059.000000 0.960314 0.280403 1000000.000000

# Correlation H vs rho: r=0.4355682831360721, p=0.06231709489381489


# Test Output
This is job 38
38

Total neutral sequences found: 1000000
MFE Structure: .((((.......))))...
Time taken: 3655.204689502716 seconds
