# site H_mean H_mean_from_array H_std_from_array H_total n_non_neutral rho_mean e_val f_q
0 0.124844 0.124844 0.162671 322007.333337 2579273.000000 0.140242 0.097216 1000000.000000
1 0.320769 0.320769 0.231588 826942.933338 2578000.000000 0.140667 0.160722 1000000.000000
2 0.332731 0.332731 0.235080 820924.000001 2467231.000000 0.177590 0.224928 1000000.000000
3 0.335926 0.335926 0.235493 801868.800001 2387038.000000 0.204321 0.199401 1000000.000000
4 0.212632 0.212632 0.212273 505395.466672 2376853.000000 0.207716 0.174474 1000000.000000
5 0.094475 0.094475 0.108324 146203.600000 1547539.000000 0.484154 0.054845 1000000.000000
6 0.229880 0.229880 0.199899 578287.566669 2515603.000000 0.161466 0.176310 1000000.000000
7 0.274975 0.274975 0.200298 698312.566667 2539545.000000 0.153485 0.205329 1000000.000000
8 0.200304 0.200304 0.182913 486869.633336 2430655.000000 0.189782 0.147909 1000000.000000
9 0.094519 0.094519 0.091266 182641.633334 1932323.000000 0.355892 0.050494 1000000.000000
10 0.176721 0.176721 0.167946 462434.033337 2616739.000000 0.127754 0.123860 1000000.000000
11 0.237659 0.237659 0.177331 621899.166668 2616773.000000 0.127742 0.150843 1000000.000000
12 0.121570 0.121570 0.140632 295762.400002 2432859.000000 0.189047 0.089871 1000000.000000
13 0.364359 0.364359 0.260263 77551.533333 212844.000000 0.929052 0.048019 1000000.000000
14 0.522277 0.522277 0.228503 68430.833333 131024.000000 0.956325 0.047381 1000000.000000
15 0.367993 0.367993 0.264153 75358.000000 204781.000000 0.931740 0.047999 1000000.000000
16 0.141640 0.141640 0.157125 350611.000003 2475364.000000 0.174879 0.101008 1000000.000000
17 0.266851 0.266851 0.187289 700884.133336 2626498.000000 0.124501 0.157789 1000000.000000
18 0.187350 0.187350 0.173957 490168.700003 2616329.000000 0.127890 0.126255 1000000.000000
19 0.094234 0.094234 0.093455 181197.333334 1922836.000000 0.359055 0.052669 1000000.000000
20 0.210461 0.210461 0.192098 508308.033337 2415209.000000 0.194930 0.157110 1000000.000000
21 0.303878 0.303878 0.198965 777775.033335 2559496.000000 0.146835 0.212833 1000000.000000
22 0.211830 0.211830 0.192094 528567.866670 2495240.000000 0.168253 0.163976 1000000.000000
23 0.091390 0.091390 0.105240 139104.433333 1522089.000000 0.492637 0.052989 1000000.000000
24 0.188925 0.188925 0.201188 450760.933339 2385931.000000 0.204690 0.174354 1000000.000000
25 0.276471 0.276471 0.231508 659005.633334 2383638.000000 0.205454 0.194232 1000000.000000
26 0.368304 0.368304 0.231566 909009.500000 2468097.000000 0.177301 0.238838 1000000.000000
27 0.296184 0.296184 0.235883 763994.266668 2579455.000000 0.140182 0.166011 1000000.000000
28 0.149958 0.149958 0.190590 388211.800005 2588807.000000 0.137064 0.127951 1000000.000000
29 0.185389 0.185389 0.215741 34851.266667 187990.000000 0.937337 0.042431 1000000.000000

# Correlation H vs rho: r=0.3152249972512803, p=0.0897414859970207


# Test Output
This is job 66
66

Total neutral sequences found: 1000000
MFE Structure: (((((.(((.(((...))).))).))))).
Time taken: 25975.247150421143 seconds
