# site H_mean H_mean_from_array H_std_from_array H_total n_non_neutral rho_mean e_val f_q
0 0.230925 0.230925 0.162307 668005.894741 2892742.000000 0.035753 0.462770 1000000.000000
1 0.419186 0.419186 0.078019 1144259.789469 2729717.000000 0.090094 0.469175 1000000.000000
2 0.427300 0.427300 0.062479 1187075.368419 2778085.000000 0.073972 0.450761 1000000.000000
3 0.403927 0.403927 0.107366 1084129.157892 2683976.000000 0.105341 0.602882 1000000.000000
4 0.217958 0.217958 0.143345 428591.684213 1966394.000000 0.344535 0.361089 1000000.000000
5 0.272908 0.272908 0.146929 297993.368420 1091918.000000 0.636027 0.294636 1000000.000000
6 0.286650 0.286650 0.136950 294399.263157 1027034.000000 0.657655 0.255404 1000000.000000
7 0.352579 0.352579 0.147344 224873.684209 637796.000000 0.787401 0.245797 1000000.000000
8 0.424034 0.424034 0.112606 186495.368420 439812.000000 0.853396 0.260208 1000000.000000
9 0.449526 0.449526 0.079972 179012.210526 398224.000000 0.867259 0.275420 1000000.000000
10 0.436633 0.436633 0.108768 204957.157894 469404.000000 0.843532 0.259408 1000000.000000
11 0.367362 0.367362 0.145872 243295.684209 662278.000000 0.779241 0.248999 1000000.000000
12 0.297470 0.297470 0.139149 311899.789473 1048508.000000 0.650497 0.263411 1000000.000000
13 0.267884 0.267884 0.149539 289899.368420 1082184.000000 0.639272 0.297838 1000000.000000
14 0.204104 0.204104 0.134990 392899.789474 1924998.000000 0.358334 0.369896 1000000.000000
15 0.409852 0.409852 0.087475 1137516.631576 2775436.000000 0.074855 0.554844 1000000.000000
16 0.424595 0.424595 0.074751 1172631.789473 2761764.000000 0.079412 0.475580 1000000.000000
17 0.419717 0.419717 0.076239 1144830.736839 2727626.000000 0.090791 0.516413 1000000.000000
18 0.245269 0.245269 0.166773 711007.789478 2898884.000000 0.033705 0.404323 1000000.000000

# Correlation H vs rho: r=0.05467588101768168, p=0.824070633366525


# Test Output
This is job 7
7

Total neutral sequences found: 1000000
MFE Structure: ((((...........))))
Time taken: 3576.4701697826385 seconds
