# site H_mean H_mean_from_array H_std_from_array H_total n_non_neutral rho_mean e_val f_q
0 0.415921 0.415921 0.148882 162396.769231 390451.000000 0.869850 0.161897 1000000.000000
1 0.426191 0.426191 0.143424 278722.269231 653985.000000 0.782005 0.237403 1000000.000000
2 0.442072 0.442072 0.134905 348057.730769 787333.000000 0.737556 0.275770 1000000.000000
3 0.454760 0.454760 0.125580 388655.307692 854639.000000 0.715120 0.296144 1000000.000000
4 0.465372 0.465372 0.117877 384016.230769 825181.000000 0.724940 0.304875 1000000.000000
5 0.468478 0.468478 0.111263 381789.269231 814957.000000 0.728348 0.300449 1000000.000000
6 0.456748 0.456748 0.119018 363581.807692 796023.000000 0.734659 0.294582 1000000.000000
7 0.422439 0.422439 0.135744 344152.269231 814680.000000 0.728440 0.283107 1000000.000000
8 0.369221 0.369221 0.149651 321148.961539 869801.000000 0.710066 0.269176 1000000.000000
9 0.310071 0.310071 0.149000 312966.576923 1009338.000000 0.663554 0.228065 1000000.000000
10 0.283682 0.283682 0.147303 309199.769231 1089951.000000 0.636683 0.187439 1000000.000000
11 0.184149 0.184149 0.139501 327964.769234 1780978.000000 0.406341 0.170143 1000000.000000
12 0.308343 0.308343 0.148469 863476.884614 2800381.000000 0.066540 0.393463 1000000.000000
13 0.322307 0.322307 0.141240 916386.538460 2843210.000000 0.052263 0.404166 1000000.000000
14 0.325604 0.325604 0.163058 881472.269231 2707195.000000 0.097602 0.433195 1000000.000000
15 0.422020 0.422020 0.133030 352685.115385 835707.000000 0.721431 0.282425 1000000.000000
16 0.500591 0.500591 0.103425 295332.269231 589967.000000 0.803344 0.273360 1000000.000000
17 0.496257 0.496257 0.106106 305208.692308 615021.000000 0.794993 0.303238 1000000.000000
18 0.428761 0.428761 0.132395 357840.038462 834591.000000 0.721803 0.323899 1000000.000000
19 0.306877 0.306877 0.146861 849171.653846 2767142.000000 0.077619 0.412458 1000000.000000
20 0.332434 0.332434 0.147817 943411.653846 2837890.000000 0.054037 0.512021 1000000.000000
21 0.323009 0.323009 0.155284 893556.961538 2766353.000000 0.077882 0.495816 1000000.000000
22 0.186465 0.186465 0.144091 324755.000003 1741643.000000 0.419452 0.255942 1000000.000000
23 0.282683 0.282683 0.150486 269145.500000 952110.000000 0.682630 0.227959 1000000.000000
24 0.274392 0.274392 0.143439 209497.115385 763497.000000 0.745501 0.183483 1000000.000000
25 0.294797 0.294797 0.139679 84887.269231 287952.000000 0.904016 0.102065 1000000.000000

# Correlation H vs rho: r=0.4874017244125534, p=0.011551406459318875


# Test Output
This is job 90
90

Total neutral sequences found: 1000000
MFE Structure: ............(((....)))....
Time taken: 24041.62261247635 seconds
