# site H_mean H_mean_from_array H_std_from_array H_total n_non_neutral rho_mean e_val f_q
0 0.273643 0.273643 0.165146 156341.684210 571334.000000 0.809555 0.242857 1000000.000000
1 0.186127 0.186127 0.126420 299444.315789 1608816.000000 0.463728 0.416518 1000000.000000
2 0.378256 0.378256 0.167174 1021579.421053 2700761.000000 0.099746 0.632589 1000000.000000
3 0.432239 0.432239 0.115316 1194306.473683 2763071.000000 0.078976 0.637500 1000000.000000
4 0.410661 0.410661 0.127633 1063872.105262 2590631.000000 0.136456 0.729911 1000000.000000
5 0.281927 0.281927 0.191414 823915.631582 2922439.000000 0.025854 0.579464 1000000.000000
6 0.540580 0.540580 0.158424 218970.473684 405066.000000 0.864978 0.436161 1000000.000000
7 0.594933 0.594933 0.162744 182259.421053 306353.000000 0.897882 0.458482 1000000.000000
8 0.564901 0.564901 0.187281 157036.894737 277990.000000 0.907337 0.321429 1000000.000000
9 0.231253 0.231253 0.189641 675176.947375 2919645.000000 0.026785 0.554018 1000000.000000
10 0.406478 0.406478 0.133536 1055989.315788 2597903.000000 0.134032 0.643304 1000000.000000
11 0.419698 0.419698 0.122111 1155488.421054 2753144.000000 0.082285 0.694643 1000000.000000
12 0.368937 0.368937 0.167926 980702.684211 2658187.000000 0.113938 0.746429 1000000.000000
13 0.206094 0.206094 0.148999 350117.421053 1698828.000000 0.433724 0.450893 1000000.000000
14 0.398100 0.398100 0.202683 281914.947368 708151.000000 0.763950 0.432589 1000000.000000
15 0.482772 0.482772 0.192063 295760.631578 612630.000000 0.795790 0.441071 1000000.000000
16 0.563793 0.563793 0.148058 263760.842105 467833.000000 0.844056 0.458482 1000000.000000
17 0.598794 0.598794 0.128733 184225.473684 307661.000000 0.897446 0.436161 1000000.000000
18 0.622883 0.622883 0.119740 68405.631579 109821.000000 0.963393 0.335714 1000000.000000

# Correlation H vs rho: r=0.6051705033517942, p=0.006043627044728105


# Test Output
This is job 17
17

Total neutral sequences found: 1000000
MFE Structure: ..((((...))))......
Time taken: 3886.448757171631 seconds
