# site H_mean H_mean_from_array H_std_from_array H_total n_non_neutral rho_mean e_val f_q
0 0.101914 0.101914 0.078189 248367.434784 2437032.000000 0.187656 0.095065 1000000.000000
1 0.203535 0.203535 0.143334 553530.043480 2719577.000000 0.093474 0.174165 1000000.000000
2 0.228353 0.228353 0.190834 533922.521741 2338143.000000 0.220619 0.212627 1000000.000000
3 0.180048 0.180048 0.189445 420468.173913 2335310.000000 0.221563 0.201742 1000000.000000
4 0.190497 0.190497 0.206948 447851.478262 2350967.000000 0.216344 0.178520 1000000.000000
5 0.182977 0.182977 0.199909 429900.260871 2349476.000000 0.216841 0.190131 1000000.000000
6 0.182167 0.182167 0.189133 425132.086957 2333748.000000 0.222084 0.219884 1000000.000000
7 0.209204 0.209204 0.170582 487693.086959 2331188.000000 0.222937 0.212627 1000000.000000
8 0.190160 0.190160 0.116636 464149.826090 2440841.000000 0.186386 0.200290 1000000.000000
9 0.100011 0.100011 0.084891 271142.695653 2711121.000000 0.096293 0.165457 1000000.000000
10 0.469630 0.469630 0.299041 17203.000000 36631.000000 0.987790 0.063861 1000000.000000
11 0.453529 0.453529 0.313253 15015.434783 33108.000000 0.988964 0.067489 1000000.000000
12 0.450033 0.450033 0.328842 13262.478261 29470.000000 0.990177 0.064586 1000000.000000
13 0.093534 0.093534 0.063167 253571.347826 2711005.000000 0.096332 0.105951 1000000.000000
14 0.192169 0.192169 0.136495 465626.434787 2423002.000000 0.192333 0.203193 1000000.000000
15 0.233659 0.233659 0.178016 545650.739130 2335244.000000 0.221585 0.236575 1000000.000000
16 0.202605 0.202605 0.201402 473227.130433 2335709.000000 0.221430 0.234398 1000000.000000
17 0.191950 0.191950 0.207250 451446.217391 2351889.000000 0.216037 0.208999 1000000.000000
18 0.171539 0.171539 0.202624 403196.652173 2350463.000000 0.216512 0.185776 1000000.000000
19 0.210999 0.210999 0.210365 493170.782607 2337317.000000 0.220894 0.221335 1000000.000000
20 0.236956 0.236956 0.197291 554261.956521 2339094.000000 0.220302 0.213353 1000000.000000
21 0.200974 0.200974 0.141564 546534.565220 2719428.000000 0.093524 0.166909 1000000.000000
22 0.097671 0.097671 0.063810 235726.347827 2413463.000000 0.195512 0.083454 1000000.000000

# Correlation H vs rho: r=0.931618500487719, p=1.0780080084099842e-10


# Test Output
This is job 1
1

Total neutral sequences found: 1000000
MFE Structure: ((((((((((...))))))))))
Time taken: 7008.232252597809 seconds
