# site H_mean H_mean_from_array H_std_from_array H_total n_non_neutral rho_mean e_val f_q
0 0.198485 0.198485 0.135990 105460.000000 531326.000000 0.822891 0.085115 1000000.000000
1 0.146950 0.146950 0.097519 232932.809522 1585116.000000 0.471628 0.213806 1000000.000000
2 0.271288 0.271288 0.206877 704080.619049 2595329.000000 0.134890 0.433924 1000000.000000
3 0.345104 0.345104 0.204953 862580.190477 2499478.000000 0.166841 0.481776 1000000.000000
4 0.399921 0.399921 0.199457 1003899.857143 2510247.000000 0.163251 0.525351 1000000.000000
5 0.438570 0.438570 0.169716 1098917.619047 2505682.000000 0.164773 0.531460 1000000.000000
6 0.280042 0.280042 0.219620 742995.047622 2653158.000000 0.115614 0.473427 1000000.000000
7 0.428409 0.428409 0.241595 211962.523809 494767.000000 0.835078 0.281613 1000000.000000
8 0.633679 0.633679 0.113689 158502.095238 250130.000000 0.916623 0.237630 1000000.000000
9 0.665231 0.665231 0.114508 131816.904762 198152.000000 0.933949 0.218896 1000000.000000
10 0.410201 0.410201 0.276685 137349.142857 334834.000000 0.888389 0.251069 1000000.000000
11 0.244186 0.244186 0.215794 645293.476193 2642636.000000 0.119121 0.376909 1000000.000000
12 0.407710 0.407710 0.194902 1016934.142855 2494261.000000 0.168580 0.463449 1000000.000000
13 0.375659 0.375659 0.212813 939435.428573 2500765.000000 0.166412 0.500713 1000000.000000
14 0.371414 0.371414 0.191627 931381.809524 2507663.000000 0.164112 0.526777 1000000.000000
15 0.287878 0.287878 0.204899 744847.047621 2587370.000000 0.137543 0.529220 1000000.000000
16 0.177133 0.177133 0.156675 290085.428570 1637667.000000 0.454111 0.259825 1000000.000000
17 0.362342 0.362342 0.242464 232668.571428 642125.000000 0.785958 0.259825 1000000.000000
18 0.424796 0.424796 0.242588 196198.428571 461865.000000 0.846045 0.260029 1000000.000000
19 0.553143 0.553143 0.204724 131312.809524 237394.000000 0.920869 0.252291 1000000.000000
20 0.603310 0.603310 0.180279 47434.666667 78624.000000 0.973792 0.215638 1000000.000000

# Correlation H vs rho: r=0.5318339055613323, p=0.013085871873592515


# Test Output
This is job 21
21

Total neutral sequences found: 1000000
MFE Structure: ..(((((....))))).....
Time taken: 5339.10910654068 seconds
