# site H_mean H_mean_from_array H_std_from_array H_total n_non_neutral rho_mean e_val f_q
0 0.538339 0.538339 0.141336 72043.785714 133826.000000 0.955391 0.097864 1000000.000000
1 0.453790 0.453790 0.194583 128037.178571 282151.000000 0.905950 0.126755 1000000.000000
2 0.371078 0.371078 0.224261 169820.785714 457642.000000 0.847453 0.135725 1000000.000000
3 0.150276 0.150276 0.156700 227494.250001 1513847.000000 0.495384 0.120192 1000000.000000
4 0.224475 0.224475 0.194045 559158.642855 2490963.000000 0.169679 0.303316 1000000.000000
5 0.349876 0.349876 0.173121 901211.178571 2575805.000000 0.141398 0.374860 1000000.000000
6 0.385582 0.385582 0.174659 985881.535713 2556863.000000 0.147712 0.401123 1000000.000000
7 0.367295 0.367295 0.180340 909651.285713 2476624.000000 0.174459 0.380728 1000000.000000
8 0.363315 0.363315 0.172232 937114.749999 2579344.000000 0.140219 0.342601 1000000.000000
9 0.264171 0.264171 0.190130 679217.392856 2571132.000000 0.142956 0.290758 1000000.000000
10 0.129706 0.129706 0.115353 233877.392858 1803137.000000 0.398954 0.105677 1000000.000000
11 0.186958 0.186958 0.149269 194534.642858 1040525.000000 0.653158 0.067666 1000000.000000
12 0.223430 0.223430 0.178435 183333.285715 820540.000000 0.726487 0.069356 1000000.000000
13 0.356242 0.356242 0.211661 153409.750000 430634.000000 0.856455 0.090040 1000000.000000
14 0.487669 0.487669 0.153245 146557.750000 300527.000000 0.899824 0.113676 1000000.000000
15 0.490429 0.490429 0.140282 152999.107143 311970.000000 0.896010 0.129382 1000000.000000
16 0.373162 0.373162 0.193278 167872.642857 449865.000000 0.850045 0.125702 1000000.000000
17 0.244175 0.244175 0.178396 199140.607143 815566.000000 0.728145 0.115574 1000000.000000
18 0.192872 0.192872 0.152502 212154.464286 1099975.000000 0.633342 0.106997 1000000.000000
19 0.128992 0.128992 0.111456 235271.785715 1823925.000000 0.392025 0.104034 1000000.000000
20 0.267826 0.267826 0.189768 696785.142856 2601632.000000 0.132789 0.322750 1000000.000000
21 0.347886 0.347886 0.181455 895408.321428 2573859.000000 0.142047 0.342369 1000000.000000
22 0.382935 0.382935 0.167310 950832.714285 2483013.000000 0.172329 0.396736 1000000.000000
23 0.389072 0.389072 0.168084 996476.142856 2561164.000000 0.146279 0.381399 1000000.000000
24 0.350368 0.350368 0.179191 898729.642857 2565100.000000 0.144967 0.359106 1000000.000000
25 0.209688 0.209688 0.191034 513971.821426 2451123.000000 0.182959 0.254332 1000000.000000
26 0.116371 0.116371 0.097641 168819.285715 1450704.000000 0.516432 0.077551 1000000.000000
27 0.194130 0.194130 0.156668 36568.071429 188369.000000 0.937210 0.029539 1000000.000000

# Correlation H vs rho: r=0.20338449665296818, p=0.29925022593048645


# Test Output
This is job 63
63

Total neutral sequences found: 1000000
MFE Structure: ....((((((..........))))))..
Time taken: 29744.616770029068 seconds
