# site H_mean H_mean_from_array H_std_from_array H_total n_non_neutral rho_mean e_val f_q
0 0.578044 0.578044 0.135324 116893.862069 202223.000000 0.932592 0.095997 1000000.000000
1 0.562145 0.562145 0.142659 194526.344828 346043.000000 0.884652 0.125505 1000000.000000
2 0.513979 0.513979 0.182457 250806.965517 487971.000000 0.837343 0.131434 1000000.000000
3 0.439425 0.439425 0.222599 280714.931035 638823.000000 0.787059 0.126499 1000000.000000
4 0.178243 0.178243 0.185180 289236.793105 1622709.000000 0.459097 0.103355 1000000.000000
5 0.315326 0.315326 0.228669 825574.482757 2618165.000000 0.127278 0.251167 1000000.000000
6 0.412961 0.412961 0.166759 1089248.793103 2637657.000000 0.120781 0.349538 1000000.000000
7 0.407804 0.407804 0.183463 1042160.724138 2555542.000000 0.148153 0.327112 1000000.000000
8 0.421810 0.421810 0.181266 1097296.137931 2601397.000000 0.132868 0.278518 1000000.000000
9 0.290583 0.290583 0.213046 757628.034481 2607271.000000 0.130910 0.233035 1000000.000000
10 0.141334 0.141334 0.129820 307659.034483 2176818.000000 0.274394 0.092501 1000000.000000
11 0.289123 0.289123 0.185577 758850.172412 2624660.000000 0.125113 0.218498 1000000.000000
12 0.294191 0.294191 0.188918 819035.068966 2784026.000000 0.071991 0.197234 1000000.000000
13 0.214851 0.214851 0.196228 551097.965517 2565027.000000 0.144991 0.159218 1000000.000000
14 0.519541 0.519541 0.147364 214464.551724 412796.000000 0.862401 0.084070 1000000.000000
15 0.530765 0.530765 0.134687 216910.000000 408674.000000 0.863775 0.099789 1000000.000000
16 0.514937 0.514937 0.131720 246865.241379 479409.000000 0.840197 0.105029 1000000.000000
17 0.240973 0.240973 0.189844 631886.448275 2622233.000000 0.125922 0.224486 1000000.000000
18 0.260936 0.260936 0.191718 724064.137932 2774870.000000 0.075043 0.225678 1000000.000000
19 0.277205 0.277205 0.191640 716203.034482 2583654.000000 0.138782 0.228613 1000000.000000
20 0.145772 0.145772 0.139709 276442.344828 1896400.000000 0.367867 0.099464 1000000.000000
21 0.168143 0.168143 0.139556 290868.551725 1729884.000000 0.423372 0.100981 1000000.000000
22 0.289441 0.289441 0.210775 761584.896550 2631226.000000 0.122925 0.258879 1000000.000000
23 0.365860 0.365860 0.196142 947116.172415 2588737.000000 0.137088 0.268669 1000000.000000
24 0.441895 0.441895 0.155973 1133874.172412 2565938.000000 0.144687 0.289401 1000000.000000
25 0.412744 0.412744 0.165608 1090526.827585 2642139.000000 0.119287 0.278281 1000000.000000
26 0.311102 0.311102 0.222727 798906.862068 2567987.000000 0.144004 0.266334 1000000.000000
27 0.140071 0.140071 0.140832 211910.344829 1512874.000000 0.495709 0.080298 1000000.000000
28 0.267716 0.267716 0.207047 55489.931034 207272.000000 0.930909 0.035013 1000000.000000

# Correlation H vs rho: r=0.504193644054842, p=0.005289360250489443


# Test Output
This is job 41
41

Total neutral sequences found: 1000000
MFE Structure: .....(((((.(((...)))..)))))..
Time taken: 32803.765897512436 seconds
