# site H_mean H_mean_from_array H_std_from_array H_total n_non_neutral rho_mean e_val f_q
0 0.333332 0.333332 0.204881 915523.559999 2746578.000000 0.084474 0.533025 1000000.000000
1 0.427674 0.427674 0.156652 1170358.199998 2736566.000000 0.087811 0.589570 1000000.000000
2 0.413056 0.413056 0.171801 1103739.040000 2672129.000000 0.109290 0.590642 1000000.000000
3 0.307070 0.307070 0.202530 832326.359999 2710545.000000 0.096485 0.457807 1000000.000000
4 0.215499 0.215499 0.211523 385798.239999 1790252.000000 0.403249 0.312964 1000000.000000
5 0.508073 0.508073 0.191199 329366.840000 648267.000000 0.783911 0.300305 1000000.000000
6 0.577070 0.577070 0.141503 338334.560000 586297.000000 0.804568 0.310083 1000000.000000
7 0.616889 0.616889 0.117255 325085.640000 526976.000000 0.824341 0.314541 1000000.000000
8 0.586544 0.586544 0.185372 312661.960000 533058.000000 0.822314 0.301966 1000000.000000
9 0.211345 0.211345 0.233762 356848.159999 1688459.000000 0.437180 0.290338 1000000.000000
10 0.319298 0.319298 0.222904 863149.399999 2703270.000000 0.098910 0.462033 1000000.000000
11 0.394521 0.394521 0.180885 1058043.559998 2681843.000000 0.106052 0.483020 1000000.000000
12 0.417800 0.417800 0.162803 1148174.079999 2748144.000000 0.083952 0.495321 1000000.000000
13 0.356720 0.356720 0.199962 982992.360000 2755642.000000 0.081453 0.463064 1000000.000000
14 0.424027 0.424027 0.161737 324519.800000 765329.000000 0.744890 0.269393 1000000.000000
15 0.457222 0.457222 0.170180 283588.360000 620242.000000 0.793253 0.235475 1000000.000000
16 0.501787 0.501787 0.175469 301472.880000 600799.000000 0.799734 0.276627 1000000.000000
17 0.552344 0.552344 0.159806 324354.680000 587233.000000 0.804256 0.295426 1000000.000000
18 0.586850 0.586850 0.130157 346668.520000 590728.000000 0.803091 0.301230 1000000.000000
19 0.593266 0.593266 0.119116 365470.120000 616031.000000 0.794656 0.305877 1000000.000000
20 0.580199 0.580199 0.133036 377944.320000 651405.000000 0.782865 0.301293 1000000.000000
21 0.554914 0.554914 0.158350 370293.120000 667298.000000 0.777567 0.297971 1000000.000000
22 0.527451 0.527451 0.181971 327684.600000 621261.000000 0.792913 0.284344 1000000.000000
23 0.520866 0.520866 0.188666 230070.600000 441708.000000 0.852764 0.246241 1000000.000000
24 0.518514 0.518514 0.191321 87249.880000 168269.000000 0.943910 0.155883 1000000.000000

# Correlation H vs rho: r=0.7342486169162684, p=2.937175680612837e-05


# Test Output
This is job 58
58

Total neutral sequences found: 1000000
MFE Structure: ((((......))))...........
Time taken: 21662.499925851822 seconds
