# site H_mean H_mean_from_array H_std_from_array H_total n_non_neutral rho_mean e_val f_q
0 0.479886 0.479886 0.168413 153789.086956 320470.000000 0.893177 0.241548 1000000.000000
1 0.495649 0.495649 0.162054 267316.043478 539325.000000 0.820225 0.343785 1000000.000000
2 0.515261 0.515261 0.143649 337160.478261 654349.000000 0.781884 0.385573 1000000.000000
3 0.534448 0.534448 0.124610 367074.913043 686830.000000 0.771057 0.399856 1000000.000000
4 0.548123 0.548123 0.113193 363209.000000 662641.000000 0.779120 0.400192 1000000.000000
5 0.542153 0.542153 0.120601 348419.217391 642658.000000 0.785781 0.400000 1000000.000000
6 0.517835 0.517835 0.139805 327693.521739 632814.000000 0.789062 0.386247 1000000.000000
7 0.471825 0.471825 0.154346 306387.347826 649367.000000 0.783544 0.375715 1000000.000000
8 0.427322 0.427322 0.154533 268720.956521 628849.000000 0.790384 0.330224 1000000.000000
9 0.188367 0.188367 0.166086 296762.173910 1575449.000000 0.474850 0.327723 1000000.000000
10 0.316766 0.316766 0.160342 865200.086961 2731351.000000 0.089550 0.566482 1000000.000000
11 0.355931 0.355931 0.158564 998983.130438 2806675.000000 0.064442 0.622073 1000000.000000
12 0.346522 0.346522 0.172384 945059.739134 2727272.000000 0.090909 0.608896 1000000.000000
13 0.200568 0.200568 0.190506 352934.869562 1759675.000000 0.413442 0.387497 1000000.000000
14 0.538085 0.538085 0.180597 266022.652174 494388.000000 0.835204 0.349026 1000000.000000
15 0.575952 0.575952 0.121863 297438.086956 516429.000000 0.827857 0.391488 1000000.000000
16 0.546846 0.546846 0.134365 320302.869565 585728.000000 0.804757 0.394999 1000000.000000
17 0.489823 0.489823 0.164076 324291.347826 662058.000000 0.779314 0.378985 1000000.000000
18 0.215449 0.215449 0.197622 385875.521736 1791030.000000 0.402990 0.418755 1000000.000000
19 0.332171 0.332171 0.161565 922309.260873 2776610.000000 0.074463 0.592402 1000000.000000
20 0.341356 0.341356 0.150957 960998.608702 2815237.000000 0.061588 0.604424 1000000.000000
21 0.327488 0.327488 0.167507 862530.000003 2633772.000000 0.122076 0.611926 1000000.000000
22 0.131240 0.131240 0.120324 183095.869564 1395127.000000 0.534958 0.305362 1000000.000000

# Correlation H vs rho: r=0.6640237931931049, p=0.0005500591821818715


# Test Output
This is job 91
91

Total neutral sequences found: 1000000
MFE Structure: ..........(((......))).
Time taken: 10446.926913499832 seconds
