# site H_mean H_mean_from_array H_std_from_array H_total n_non_neutral rho_mean e_val f_q
0 0.106272 0.106272 0.103209 140232.576923 1319559.000000 0.560147 0.132953 1000000.000000
1 0.295657 0.295657 0.213412 768551.076926 2599469.000000 0.133510 0.395709 1000000.000000
2 0.384868 0.384868 0.166312 1014079.038462 2634876.000000 0.121708 0.525041 1000000.000000
3 0.396257 0.396257 0.169057 1002186.807693 2529131.000000 0.156956 0.526253 1000000.000000
4 0.396231 0.396231 0.165077 1013395.115387 2557587.000000 0.147471 0.478794 1000000.000000
5 0.322135 0.322135 0.196178 836138.076925 2595613.000000 0.134796 0.443353 1000000.000000
6 0.172963 0.172963 0.157401 301264.653849 1741790.000000 0.419403 0.215896 1000000.000000
7 0.341922 0.341922 0.217031 226731.384616 663108.000000 0.778964 0.211134 1000000.000000
8 0.433009 0.433009 0.210006 217105.500000 501388.000000 0.832871 0.222439 1000000.000000
9 0.539519 0.539519 0.148671 204880.807692 379747.000000 0.873418 0.229425 1000000.000000
10 0.554119 0.554119 0.156467 195257.115385 352374.000000 0.882542 0.204077 1000000.000000
11 0.465768 0.465768 0.231896 182112.000000 390993.000000 0.869669 0.148165 1000000.000000
12 0.310318 0.310318 0.247911 175353.692308 565077.000000 0.811641 0.096543 1000000.000000
13 0.146107 0.146107 0.141459 240008.961540 1642698.000000 0.452434 0.142790 1000000.000000
14 0.317550 0.317550 0.205476 825553.500004 2599762.000000 0.133413 0.424506 1000000.000000
15 0.380142 0.380142 0.179398 970249.576925 2552336.000000 0.149221 0.499309 1000000.000000
16 0.409854 0.409854 0.157466 1040011.000003 2537514.000000 0.154162 0.489130 1000000.000000
17 0.390005 0.390005 0.162136 1030567.346156 2642449.000000 0.119184 0.496500 1000000.000000
18 0.305114 0.305114 0.217232 780167.884618 2556968.000000 0.147677 0.441343 1000000.000000
19 0.173179 0.173179 0.190045 257126.384618 1484742.000000 0.505086 0.218234 1000000.000000
20 0.464518 0.464518 0.216254 230545.307692 496311.000000 0.834563 0.225433 1000000.000000
21 0.542581 0.542581 0.156541 235307.423077 433682.000000 0.855439 0.232319 1000000.000000
22 0.560384 0.560384 0.148094 229766.538462 410016.000000 0.863328 0.241272 1000000.000000
23 0.574664 0.574664 0.142156 196444.846154 341843.000000 0.886052 0.243096 1000000.000000
24 0.590505 0.590505 0.137051 139849.884615 236831.000000 0.921056 0.210763 1000000.000000
25 0.601390 0.601390 0.134404 51898.192308 86297.000000 0.971234 0.126153 1000000.000000

# Correlation H vs rho: r=0.5274537200625846, p=0.005622241054096302


# Test Output
This is job 4
4

Total neutral sequences found: 1000000
MFE Structure: .(((((........))))).......
Time taken: 28426.679451942444 seconds
