# site H_mean H_mean_from_array H_std_from_array H_total n_non_neutral rho_mean e_val f_q
0 0.231201 0.231201 0.129041 112543.214286 486777.000000 0.837741 0.046913 1000000.000000
1 0.221137 0.221137 0.118899 204587.357143 925163.000000 0.691612 0.069616 1000000.000000
2 0.224687 0.224687 0.129314 236145.607143 1050999.000000 0.649667 0.094372 1000000.000000
3 0.145497 0.145497 0.115896 252006.678572 1732036.000000 0.422655 0.109101 1000000.000000
4 0.214430 0.214430 0.188492 560625.749998 2614496.000000 0.128501 0.286386 1000000.000000
5 0.300579 0.300579 0.189787 748689.607142 2490828.000000 0.169724 0.351388 1000000.000000
6 0.364634 0.364634 0.188246 910223.678571 2496269.000000 0.167910 0.375726 1000000.000000
7 0.376185 0.376185 0.188354 963823.892857 2562099.000000 0.145967 0.415490 1000000.000000
8 0.350763 0.350763 0.202787 894163.285714 2549198.000000 0.150267 0.409203 1000000.000000
9 0.218815 0.218815 0.215967 526016.928568 2403932.000000 0.198689 0.310901 1000000.000000
10 0.143302 0.143302 0.165585 206146.964286 1438551.000000 0.520483 0.140981 1000000.000000
11 0.498873 0.498873 0.178968 133862.678571 268330.000000 0.910557 0.139295 1000000.000000
12 0.535705 0.535705 0.161047 141457.678571 264059.000000 0.911980 0.139612 1000000.000000
13 0.532170 0.532170 0.169753 137326.392857 258050.000000 0.913983 0.110293 1000000.000000
14 0.145275 0.145275 0.176819 207796.035714 1430368.000000 0.523211 0.111535 1000000.000000
15 0.228490 0.228490 0.215832 565572.749997 2475264.000000 0.174912 0.290176 1000000.000000
16 0.355440 0.355440 0.200573 909396.750000 2558513.000000 0.147162 0.366346 1000000.000000
17 0.368838 0.368838 0.187835 942844.071429 2556257.000000 0.147914 0.438585 1000000.000000
18 0.344200 0.344200 0.191637 856486.785714 2488339.000000 0.170554 0.414058 1000000.000000
19 0.322262 0.322262 0.187906 803692.392856 2493907.000000 0.168698 0.329256 1000000.000000
20 0.213479 0.213479 0.191810 555113.964283 2600324.000000 0.133225 0.278552 1000000.000000
21 0.151587 0.151587 0.128872 262822.464286 1733809.000000 0.422064 0.116517 1000000.000000
22 0.256085 0.256085 0.176150 227809.000001 889585.000000 0.703472 0.123856 1000000.000000
23 0.272802 0.272802 0.181539 237029.464286 868870.000000 0.710377 0.127735 1000000.000000
24 0.323236 0.323236 0.193604 212493.714286 657395.000000 0.780868 0.136519 1000000.000000
25 0.364230 0.364230 0.197147 177788.142857 488121.000000 0.837293 0.144175 1000000.000000
26 0.408429 0.408429 0.200483 118801.000000 290873.000000 0.903042 0.132653 1000000.000000
27 0.447516 0.447516 0.203388 44198.892857 98765.000000 0.967078 0.086259 1000000.000000

# Correlation H vs rho: r=0.3564084816101015, p=0.06265681534035632


# Test Output
This is job 54
54

Total neutral sequences found: 1000000
MFE Structure: ....((((((.....)))))).......
Time taken: 27597.79231953621 seconds
