# site H_mean H_mean_from_array H_std_from_array H_total n_non_neutral rho_mean e_val f_q
0 0.119463 0.119463 0.111293 358390.375000 3000000.000000 0.000000 0.166510 1000000.000000
1 0.253918 0.253918 0.187070 528700.041661 2082172.000000 0.305943 0.124472 1000000.000000
2 0.363031 0.363031 0.263158 894502.625000 2463985.000000 0.178672 0.271254 1000000.000000
3 0.386962 0.386962 0.262950 953999.958332 2465358.000000 0.178214 0.247769 1000000.000000
4 0.301825 0.301825 0.228499 725589.291666 2404007.000000 0.198664 0.250822 1000000.000000
5 0.193632 0.193632 0.202242 463886.250002 2395707.000000 0.201431 0.195397 1000000.000000
6 0.100592 0.100592 0.082529 172712.125000 1716960.000000 0.427680 0.075622 1000000.000000
7 0.201212 0.201212 0.190447 495531.416668 2462728.000000 0.179091 0.193753 1000000.000000
8 0.282130 0.282130 0.202792 708919.541667 2512740.000000 0.162420 0.184594 1000000.000000
9 0.160833 0.160833 0.180365 423370.458335 2632366.000000 0.122545 0.153124 1000000.000000
10 0.207900 0.207900 0.222827 87778.708333 422216.000000 0.859261 0.080319 1000000.000000
11 0.621677 0.621677 0.183950 42282.750000 68014.000000 0.977329 0.053077 1000000.000000
12 0.599201 0.599201 0.204400 42458.208333 70858.000000 0.976381 0.051667 1000000.000000
13 0.208214 0.208214 0.214072 83615.083333 401583.000000 0.866139 0.080554 1000000.000000
14 0.142789 0.142789 0.157979 375636.791668 2630707.000000 0.123098 0.139737 1000000.000000
15 0.247588 0.247588 0.187765 620801.083333 2507391.000000 0.164203 0.180836 1000000.000000
16 0.183657 0.183657 0.176400 450493.625002 2452910.000000 0.182363 0.176139 1000000.000000
17 0.103265 0.103265 0.085665 180500.333333 1747941.000000 0.417353 0.074918 1000000.000000
18 0.179684 0.179684 0.191041 438188.833335 2438666.000000 0.187111 0.173321 1000000.000000
19 0.342495 0.342495 0.232443 823500.625000 2404416.000000 0.198528 0.279004 1000000.000000
20 0.423523 0.423523 0.259756 1046211.874997 2470258.000000 0.176581 0.252466 1000000.000000
21 0.328005 0.328005 0.251145 807353.541666 2461405.000000 0.179532 0.220761 1000000.000000
22 0.238792 0.238792 0.192911 716375.291665 3000000.000000 0.000000 0.153124 1000000.000000
23 0.121404 0.121404 0.118070 364211.875000 3000000.000000 0.000000 0.116956 1000000.000000

# Correlation H vs rho: r=0.48165690340311695, p=0.017164228594307235


# Test Output
This is job 15
15

Total neutral sequences found: 1000000
MFE Structure: ((((((.(((....))).))))))
Time taken: 8535.52142071724 seconds
