# site H_mean H_mean_from_array H_std_from_array H_total n_non_neutral rho_mean e_val f_q
0 0.143279 0.143279 0.126441 357361.473684 2494163.000000 0.168612 0.129129 1000000.000000
1 0.272629 0.272629 0.181824 683610.210529 2507471.000000 0.164176 0.234234 1000000.000000
2 0.323861 0.323861 0.233776 757658.210532 2339452.000000 0.220183 0.228228 1000000.000000
3 0.325112 0.325112 0.267807 760644.315794 2339638.000000 0.220121 0.324324 1000000.000000
4 0.330013 0.330013 0.279470 771235.000005 2336984.000000 0.221005 0.312312 1000000.000000
5 0.348767 0.348767 0.262483 814396.631582 2335073.000000 0.221642 0.282282 1000000.000000
6 0.276432 0.276432 0.198968 692523.684210 2505219.000000 0.164927 0.231231 1000000.000000
7 0.133789 0.133789 0.130510 333603.736842 2493506.000000 0.168831 0.186186 1000000.000000
8 0.723997 0.723997 0.101551 7825.684211 10809.000000 0.996397 0.078078 1000000.000000
9 0.690345 0.690345 0.091569 12478.684211 18076.000000 0.993975 0.087087 1000000.000000
10 0.686536 0.686536 0.091024 11388.263158 16588.000000 0.994471 0.087087 1000000.000000
11 0.154998 0.154998 0.154259 388596.421054 2507107.000000 0.164298 0.225225 1000000.000000
12 0.276586 0.276586 0.193709 693113.368423 2505956.000000 0.164681 0.246246 1000000.000000
13 0.299998 0.299998 0.256779 699818.526318 2332746.000000 0.222418 0.276276 1000000.000000
14 0.293324 0.293324 0.272779 684675.263163 2334197.000000 0.221934 0.315315 1000000.000000
15 0.292208 0.292208 0.256151 682643.421056 2336152.000000 0.221283 0.330330 1000000.000000
16 0.302801 0.302801 0.225823 708256.315789 2339014.000000 0.220329 0.234234 1000000.000000
17 0.288684 0.288684 0.172378 724449.736843 2509490.000000 0.163503 0.198198 1000000.000000
18 0.143407 0.143407 0.122643 359188.052631 2504677.000000 0.165108 0.150150 1000000.000000

# Correlation H vs rho: r=0.9433889814826742, p=1.4297887213167683e-09


# Test Output
This is job 75
75

Total neutral sequences found: 1000000
MFE Structure: ((((((((...))))))))
Time taken: 3931.3066842556 seconds
