# site H_mean H_mean_from_array H_std_from_array H_total n_non_neutral rho_mean e_val f_q
0 0.467934 0.467934 0.166236 130242.050000 278334.000000 0.907222 0.278208 1000000.000000
1 0.424656 0.424656 0.169391 238731.650000 562176.000000 0.812608 0.309165 1000000.000000
2 0.371144 0.371144 0.169046 319449.300000 860716.000000 0.713095 0.297760 1000000.000000
3 0.339936 0.339936 0.170868 318692.300000 937508.000000 0.687497 0.307943 1000000.000000
4 0.209915 0.209915 0.142984 355666.550000 1694334.000000 0.435222 0.353157 1000000.000000
5 0.374241 0.374241 0.134245 1005441.899997 2686616.000000 0.104461 0.581263 1000000.000000
6 0.399374 0.399374 0.106925 1099419.549995 2752860.000000 0.082380 0.575967 1000000.000000
7 0.397271 0.397271 0.113485 1052900.899997 2650332.000000 0.116556 0.552749 1000000.000000
8 0.251767 0.251767 0.172940 732999.700001 2911424.000000 0.029525 0.454990 1000000.000000
9 0.490579 0.490579 0.165065 172076.500000 350762.000000 0.883079 0.263136 1000000.000000
10 0.528819 0.528819 0.159119 178069.200000 336730.000000 0.887757 0.334420 1000000.000000
11 0.492200 0.492200 0.151609 199405.450000 405131.000000 0.864956 0.318941 1000000.000000
12 0.226975 0.226975 0.178540 660488.199999 2909965.000000 0.030012 0.498574 1000000.000000
13 0.404959 0.404959 0.108633 1082106.899996 2672139.000000 0.109287 0.522607 1000000.000000
14 0.409872 0.409872 0.102006 1132568.799997 2763224.000000 0.078925 0.529939 1000000.000000
15 0.361469 0.361469 0.147561 932944.600000 2580978.000000 0.139674 0.570672 1000000.000000
16 0.207365 0.207365 0.138124 354186.500000 1708033.000000 0.430656 0.344603 1000000.000000
17 0.305729 0.305729 0.139573 273101.850000 893282.000000 0.702239 0.245621 1000000.000000
18 0.303912 0.303912 0.133219 217090.750000 714321.000000 0.761893 0.194297 1000000.000000
19 0.335558 0.335558 0.141811 79415.850000 236668.000000 0.921111 0.130346 1000000.000000

# Correlation H vs rho: r=0.3901592593935107, p=0.08900677295866066


# Test Output
This is job 42
42

Total neutral sequences found: 1000000
MFE Structure: .....((((...))))....
Time taken: 4891.061918735504 seconds
